Family,Genus,Species,Abundance,Locality,Province/Territory,Ecoclimatic_zone,Side,Latitude,Longitude,Moisture_Regime,Replicate,Date,Trapping_Method
Heleomyzidae,Aecothea,Aecothea sp. A,2,Aulavik_National_Park,NT,HA,W,73.22181,-119.56059,Mesic,1,7-11.vii.2011,MalaiseTrap
Heleomyzidae,Neoleria,Neoleria ruficauda,1,Aulavik_National_Park,NT,HA,W,73.22181,-119.56059,Mesic,1,19.vii.2011,Sweep
Piophilidae,Arctopiophila,Arctopiophila arctica,10,Aulavik_National_Park,NT,HA,W,73.22181,-119.56059,Mesic,1,7-11.vii.2011,MalaiseTrap
Piophilidae,Parapiophila,Parapiophila fulviceps,5,Aulavik_National_Park,NT,HA,W,73.22181,-119.56059,Mesic,1,7-11.vii.2011,MalaiseTrap
Piophilidae,Parapiophila,Parapiophila fulviceps,2,Aulavik_National_Park,NT,HA,W,73.22181,-119.56059,Mesic,1,7-11.vii.2011,PanTrap
Piophilidae,Parapiophila,Parapiophila fulviceps,1,Aulavik_National_Park,NT,HA,W,73.22181,-119.56059,Mesic,1,11-15.vii.2011,PanTrap
Piophilidae,Parapiophila,Parapiophila fulviceps,5,Aulavik_National_Park,NT,HA,W,73.22181,-119.56059,Mesic,1,15-19.vii.2011,PanTrap
Ulidiidae,Curranops,Curranops scutellaris (Coquillet),1,Aulavik_National_Park,NT,HA,W,73.22181,-119.56059,Mesic,1,7-11.vii.2011,MalaiseTrap
Heleomyzidae,Neoleria,Neoleria ruficauda,1,Aulavik_National_Park,NT,HA,W,73.22656,-119.57728,Mesic,2,11-15.vii.2011,MalaiseTrap
Piophilidae,Lasiopiophila,Lasiopiophila pilosa,1,Aulavik_National_Park,NT,HA,W,73.22656,-119.57728,Mesic,2,11-15.vii.2011,MalaiseTrap
Chloropidae,Oscinella,Oscinella sp. D,1,Aulavik_National_Park,NT,HA,W,73.22855,-119.58662,Mesic,3,15-19.vii.2011,PanTrap
Heleomyzidae,Aecothea,Aecothea sp. A,3,Aulavik_National_Park,NT,HA,W,73.22855,-119.58662,Mesic,3,15-19.vii.2011,MalaiseTrap
Piophilidae,Parapiophila,Parapiophila fulviceps,2,Aulavik_National_Park,NT,HA,W,73.22855,-119.58662,Mesic,3,15-19.vii.2011,MalaiseTrap
Piophilidae,Parapiophila,Parapiophila fulviceps,5,Aulavik_National_Park,NT,HA,W,73.22855,-119.58662,Mesic,3,7-11.vii.2011,PanTrap
Piophilidae,Parapiophila,Parapiophila fulviceps,3,Aulavik_National_Park,NT,HA,W,73.22855,-119.58662,Mesic,3,11-15.vii.2011,PanTrap
Heleomyzidae,Neoleria,Neoleria ruficauda,1,Aulavik_National_Park,NT,HA,W,73.22412,-119.55255,Wet,1,7-11.vii.2011,MalaiseTrap
Piophilidae,Arctopiophila,Arctopiophila arctica,3,Aulavik_National_Park,NT,HA,W,73.22412,-119.55255,Wet,1,7-11.vii.2011,MalaiseTrap
Piophilidae,Lasiopiophila,Lasiopiophila pilosa,2,Aulavik_National_Park,NT,HA,W,73.22412,-119.55255,Wet,1,7-11.vii.2011,MalaiseTrap
Piophilidae,Parapiophila,Parapiophila fulviceps,17,Aulavik_National_Park,NT,HA,W,73.22412,-119.55255,Wet,1,7-11.vii.2011,MalaiseTrap
Sphaeroceridae,Norrbomia,Norrbomia fumipennis,1,Aulavik_National_Park,NT,HA,W,73.22412,-119.55255,Wet,1,7-11.vii.2011,PanTrap
Ephydridae,Rhinohapasa,Rhinohapasa metallica,2,Aulavik_National_Park,NT,HA,W,73.23284,-119.54719,Wet,2,7-11.vii.2011,PanTrap
Heleomyzidae,0,Heleomyzidae sp. A,1,Aulavik_National_Park,NT,HA,W,73.23284,-119.54719,Wet,2,11-15.vii.2011,MalaiseTrap
Ephydridae,Rhinohapasa,Rhinohapasa metallica,1,Aulavik_National_Park,NT,HA,W,73.23193,-119.5833,Wet,3,15-19.vii.2011,MalaiseTrap
Heleomyzidae,Aecothea,Aecothea sp. A,1,Aulavik_National_Park,NT,HA,W,73.23193,-119.5833,Wet,3,15-19.vii.2011,MalaiseTrap
Heleomyzidae,Neoleria,Neoleria fuscolinea,1,Aulavik_National_Park,NT,HA,W,73.23193,-119.5833,Wet,3,15-19.vii.2011,MalaiseTrap
Heleomyzidae,Neoleria,Neoleria ruficauda,1,Aulavik_National_Park,NT,HA,W,73.23193,-119.5833,Wet,3,15-19.vii.2011,MalaiseTrap
Piophilidae,Lasiopiophila,Lasiopiophila pilosa,3,Aulavik_National_Park,NT,HA,W,73.23193,-119.5833,Wet,3,15-19.vii.2011,MalaiseTrap
Piophilidae,Parapiophila,Parapiophila fulviceps,22,Aulavik_National_Park,NT,HA,W,73.23193,-119.5833,Wet,3,15-19.vii.2011,MalaiseTrap
Sphaeroceridae,0,Limosininae sp. G,1,Aulavik_National_Park,NT,HA,W,73.23193,-119.5833,Wet,3,11-15.vii.2011,PanTrap
Sphaeroceridae,Norrbomia,Norrbomia fumipennis,15,Aulavik_National_Park,NT,HA,W,73.23193,-119.5833,Wet,3,11-15.vii.2011,PanTrap
Piophilidae,Arctopiophila,Arctopiophila arctica,1,Cambridge_Bay,NU,HA,W,69.11993,-105.42065,Mesic,1,11-15.vii.2011,PanTrap
Piophilidae,Arctopiophila,Arctopiophila arctica,1,Cambridge_Bay,NU,HA,W,69.11993,-105.42065,Mesic,1,15-19.vii.2011,PanTrap
Piophilidae,Neopiophila,Neopiophila setaluna,1,Cambridge_Bay,NU,HA,W,69.11993,-105.42065,Mesic,1,7-11.vii.2011,MalaiseTrap
Piophilidae,Arctopiophila,Arctopiophila arctica,1,Cambridge_Bay,NU,HA,W,69.12157,-105.43124,Mesic,3,15-19.vii.2011,MalaiseTrap
Piophilidae,Arctopiophila,Arctopiophila arctica,1,Cambridge_Bay,NU,HA,W,69.12157,-105.43124,Mesic,3,15-19.vii.2011,PanTrap
Piophilidae,Lasiopiophila,Lasiopiophila pilosa,3,Cambridge_Bay,NU,HA,W,69.12157,-105.43124,Mesic,3,15-19.vii.2011,MalaiseTrap
Ephydridae,Axysta,Axysta n. sp. A,1,Cambridge_Bay,NU,HA,W,69.12177,-105.41688,Wet,1,11-15.vii.2011,PanTrap
Ephydridae,Axysta,Axysta n. sp. A,4,Cambridge_Bay,NU,HA,W,69.12177,-105.41688,Wet,1,15-19.vii.2011,PanTrap
Ephydridae,Parydra,Parydra sp. A,1,Cambridge_Bay,NU,HA,W,69.12177,-105.41688,Wet,1,15-19.vii.2011,PanTrap
Piophilidae,Parapiophila,Parapiophila fulviceps,1,Cambridge_Bay,NU,HA,W,69.12177,-105.41688,Wet,1,7-11.vii.2011,MalaiseTrap
Sepsidae,Themira,Themira maculatarsis Curran,1,Cambridge_Bay,NU,HA,W,69.12177,-105.41688,Wet,1,15-19.vii.2011,PanTrap
Sphaeroceridae,Copromyza,Copromyza sp. A,1,Cambridge_Bay,NU,HA,W,69.12177,-105.41688,Wet,1,11-15.vii.2011,PanTrap
Sphaeroceridae,Norrbomia,Norrbomia fumipennis,1,Cambridge_Bay,NU,HA,W,69.12177,-105.41688,Wet,1,11-15.vii.2011,PanTrap
Sphaeroceridae,Norrbomia,Norrbomia fumipennis,1,Cambridge_Bay,NU,HA,W,69.12177,-105.41688,Wet,1,15-19.vii.2011,PanTrap
Ephydridae,Axysta,Axysta n. sp. A,1,Cambridge_Bay,NU,HA,W,69.12225,-105.42191,Wet,2,7-11.vii.2011,PanTrap
Ephydridae,Parydra,Parydra sp. A,4,Cambridge_Bay,NU,HA,W,69.12225,-105.42191,Wet,2,7-11.vii.2011,PanTrap
Ephydridae,Parydra,Parydra sp. A,3,Cambridge_Bay,NU,HA,W,69.12225,-105.42191,Wet,2,11-15.vii.2011,PanTrap
Piophilidae,Arctopiophila,Arctopiophila arctica,1,Cambridge_Bay,NU,HA,W,69.12225,-105.42191,Wet,2,11-15.vii.2011,MalaiseTrap
Piophilidae,Parapiophila,Parapiophila fulviceps,1,Cambridge_Bay,NU,HA,W,69.12225,-105.42191,Wet,2,11-15.vii.2011,MalaiseTrap
Sphaeroceridae,Leptocera,Leptocera sp. A,1,Cambridge_Bay,NU,HA,W,69.12225,-105.42191,Wet,2,11-15.vii.2011,PanTrap
Ephydridae,Axysta,Axysta n. sp. A,1,Cambridge_Bay,NU,HA,W,69.12366,-105.42531,Wet,3,7-11.vii.2011,PanTrap
Ephydridae,Parydra,Parydra sp. A,1,Cambridge_Bay,NU,HA,W,69.12366,-105.42531,Wet,3,7-11.vii.2011,PanTrap
Heleomyzidae,Neoleria,Neoleria prominens,1,Cambridge_Bay,NU,HA,W,69.12366,-105.42531,Wet,3,15-19.vii.2011,MalaiseTrap
Piophilidae,Arctopiophila,Arctopiophila arctica,1,Cambridge_Bay,NU,HA,W,69.12366,-105.42531,Wet,3,15-19.vii.2011,MalaiseTrap
Piophilidae,Lasiopiophila,Lasiopiophila pilosa,1,Cambridge_Bay,NU,HA,W,69.12366,-105.42531,Wet,3,15-19.vii.2011,MalaiseTrap
Sepsidae,Themira,Themira maculatarsis Curran,2,Cambridge_Bay,NU,HA,W,69.12366,-105.42531,Wet,3,15-19.vii.2011,MalaiseTrap
Sepsidae,Themira,Themira sp. A,1,Cambridge_Bay,NU,HA,W,69.12366,-105.42531,Wet,3,15-19.vii.2011,MalaiseTrap
Sepsidae,Themira,Themira sp. A,1,Cambridge_Bay,NU,HA,W,69.12366,-105.42531,Wet,3,15-19.vii.2011,PanTrap
Sphaeroceridae,Leptocera,Leptocera sp. A,2,Cambridge_Bay,NU,HA,W,69.12366,-105.42531,Wet,3,7-11.vii.2011,PanTrap
Chloropidae,Conioscinella ,Conioscinella sp. A,1,Churchill,MB,SA,E,58.73351,-93.79792,Mesic,1,5-9.vii.2010,MalaiseTrap
Chloropidae,Elachiptera,Elachipter sp. B,2,Churchill,MB,SA,E,58.73351,-93.79792,Mesic,1,5-9.vii.2010,MalaiseTrap
Chloropidae,Gaurax,Gaurax n. sp. group D,1,Churchill,MB,SA,E,58.73351,-93.79792,Mesic,1,5-9.vii.2010,MalaiseTrap
Chloropidae,Oscinella,Oscinella sp. D,1,Churchill,MB,SA,E,58.73351,-93.79792,Mesic,1,4-8.vii.2010,PanTrap
Chloropidae,Siphonella,Siphonella oscinina (Fallén),1,Churchill,MB,SA,E,58.73351,-93.79792,Mesic,1,5-9.vii.2010,MalaiseTrap
Chloropidae,Thaumatomyia,Thaumatomyia trifasciata (Zett),3,Churchill,MB,SA,E,58.73351,-93.79792,Mesic,1,5-9.vii.2010,MalaiseTrap
Chloropidae,Thaumatomyia,Thaumatomyia trifasciata (Zett),2,Churchill,MB,SA,E,58.73351,-93.79792,Mesic,1,4.vi.2010,Sweep
Chloropidae,Thaumatomyia,Thaumatomyia trifasciata (Zett),1,Churchill,MB,SA,E,58.73351,-93.79792,Mesic,1,8.vi.2010,Sweep
Chloropidae,Tricimba,Tricimba brunnicolis,1,Churchill,MB,SA,E,58.73351,-93.79792,Mesic,1,5-9.vii.2010,MalaiseTrap
Chloropidae,Tricimba,Tricimba cincta,1,Churchill,MB,SA,E,58.73351,-93.79792,Mesic,1,8-13.vii.2010,PanTrap
Chloropidae,Tricimba,Tricimba melamonolica,2,Churchill,MB,SA,E,58.73351,-93.79792,Mesic,1,5-9.vii.2010,MalaiseTrap
Chloropidae,Tricimba,Tricimba melamonolica,1,Churchill,MB,SA,E,58.73351,-93.79792,Mesic,1,8.vi.2010,Sweep
Ephydridae,Scatophila,Scatophila n.sp. B,1,Churchill,MB,SA,E,58.73351,-93.79792,Mesic,1,5-9.vii.2010,MalaiseTrap
Piophilidae,Neopiophila,Neopiophila setaluna,1,Churchill,MB,SA,E,58.73351,-93.79792,Mesic,1,4.vi.2010,Sweep
Piophilidae,Neopiophila,Neopiophila setaluna,1,Churchill,MB,SA,E,58.73351,-93.79792,Mesic,1,8.vi.2010,Sweep
Sciomyzidae,Dictya,Dictya umbroides Curran,1,Churchill,MB,SA,E,58.73351,-93.79792,Mesic,1,5-9.vii.2010,MalaiseTrap
Sciomyzidae,Tetanocera,Tetanocera ?loewi,1,Churchill,MB,SA,E,58.73351,-93.79792,Mesic,1,5-9.vii.2010,MalaiseTrap
Sciomyzidae,Tetanocera,Tetanocera ?silvatica ,3,Churchill,MB,SA,E,58.73351,-93.79792,Mesic,1,5-9.vii.2010,MalaiseTrap
Sciomyzidae,Tetanocera,Tetanocera ?silvatica ,2,Churchill,MB,SA,E,58.73351,-93.79792,Mesic,1,4.vi.2010,Sweep
Sciomyzidae,Tetanocera,Tetanocera fuscinervis Zetterstedt,1,Churchill,MB,SA,E,58.73351,-93.79792,Mesic,1,5-9.vii.2010,MalaiseTrap
Sciomyzidae,Tetanocera,Tetanocera lafibula Frey,1,Churchill,MB,SA,E,58.73351,-93.79792,Mesic,1,8-13.vii.2010,PanTrap
Sciomyzidae,Tetanocera,Tetanocera robusta Loew,4,Churchill,MB,SA,E,58.73351,-93.79792,Mesic,1,5-9.vii.2010,MalaiseTrap
Sciomyzidae,Tetanocera,Tetanocera robusta Loew,1,Churchill,MB,SA,E,58.73351,-93.79792,Mesic,1,13.vi.2010,Sweep
Sciomyzidae,Tetanocera,Tetanocera sp. E,1,Churchill,MB,SA,E,58.73351,-93.79792,Mesic,1,5-9.vii.2010,MalaiseTrap
Sciomyzidae,Tetanocera,Tetanocera spririfera,1,Churchill,MB,SA,E,58.73351,-93.79792,Mesic,1,4-8.vii.2010,PanTrap
Chloropidae,Conioscinella ,Conioscinella sp. A,1,Churchill,MB,SA,E,58.73235,-93.79028,Mesic,2,1-4.vii.2010,PanTrap
Chloropidae,Oscinella,Oscinella sp. B,1,Churchill,MB,SA,E,58.73235,-93.79028,Mesic,2,8-13.vii.2010,PanTrap
Chloropidae,Pseudopachyceata,Pseudopachyceata ruficeps,3,Churchill,MB,SA,E,58.73235,-93.79028,Mesic,2,1-5.vii.2010,MalaiseTrap
Chloropidae,Tricimba,Tricimba brunnicolis,1,Churchill,MB,SA,E,58.73235,-93.79028,Mesic,2,4-8.vii.2010,PanTrap
Chloropidae,Tricimba,Tricimba cincta,1,Churchill,MB,SA,E,58.73235,-93.79028,Mesic,2,8-13.vii.2010,PanTrap
Chloropidae,Tricimba,Tricimba melamonolica,1,Churchill,MB,SA,E,58.73235,-93.79028,Mesic,2,8-13.vii.2010,PanTrap
Drosophilidae,Drosophila,Drosophila melanogaster,1,Churchill,MB,SA,E,58.73235,-93.79028,Mesic,2,13.vi.2010,Sweep
Ephydridae,Philygria,Philygria nigrescens,1,Churchill,MB,SA,E,58.73235,-93.79028,Mesic,2,1-5.vii.2010,MalaiseTrap
Ephydridae,Scatophila,Scatophila sp. A,1,Churchill,MB,SA,E,58.73235,-93.79028,Mesic,2,4.vi.2010,Sweep
Ephydridae,Scatophila,Scatophila tuberculosa,1,Churchill,MB,SA,E,58.73235,-93.79028,Mesic,2,1-5.vii.2010,MalaiseTrap
Piophilidae,Parapiophila,Parapiophila kugluktuk,3,Churchill,MB,SA,E,58.73235,-93.79028,Mesic,2,1-5.vii.2010,MalaiseTrap
Piophilidae,Parapiophila,Parapiophila kugluktuk,1,Churchill,MB,SA,E,58.73235,-93.79028,Mesic,2,4-8.vii.2010,PanTrap
Sciomyzidae,Pteromicra,Pteromicra ?glabricula,2,Churchill,MB,SA,E,58.73235,-93.79028,Mesic,2,1-5.vii.2010,MalaiseTrap
Sciomyzidae,Pteromicra,Pteromicra leucothrix,1,Churchill,MB,SA,E,58.73235,-93.79028,Mesic,2,4-8.vii.2010,PanTrap
Sphaeroceridae,Pseudocollinella,Pseudocollinella sp. C,1,Churchill,MB,SA,E,58.73235,-93.79028,Mesic,2,1-5.vii.2010,MalaiseTrap
Sphaeroceridae,Spelobia,Spelobia sp. E,1,Churchill,MB,SA,E,58.73235,-93.79028,Mesic,2,8-13.vii.2010,PanTrap
Chloropidae,Chlorops,Chlorops sp. A,1,Churchill,MB,SA,E,58.72235,-93.83991,Mesic,3,9-13.vii.2010,MalaiseTrap
Chloropidae,Conioscinella ,Conioscinella sp. A,1,Churchill,MB,SA,E,58.72235,-93.83991,Mesic,3,1-5.vii.2010,PanTrap
Chloropidae,Conioscinella ,Conioscinella sp. A,1,Churchill,MB,SA,E,58.72235,-93.83991,Mesic,3,5-9.vii.2010,PanTrap
Chloropidae,Conioscinella ,Conioscinella sp. C,1,Churchill,MB,SA,E,58.72235,-93.83991,Mesic,3,9-13.vii.2010,PanTrap
Chloropidae,Epichlorops,Epichloropos scaber,1,Churchill,MB,SA,E,58.72235,-93.83991,Mesic,3,9-13.vii.2010,MalaiseTrap
Chloropidae,Fiebrigella,Fiebrigella magnipalplis,1,Churchill,MB,SA,E,58.72235,-93.83991,Mesic,3,9-13.vii.2010,PanTrap
Chloropidae,Oscinella,Oscinella sp. D,2,Churchill,MB,SA,E,58.72235,-93.83991,Mesic,3,1-5.vii.2010,PanTrap
Chloropidae,Oscinella,Oscinella sp. D,2,Churchill,MB,SA,E,58.72235,-93.83991,Mesic,3,5-9.vii.2010,PanTrap
Chloropidae,Oscinella,Oscinella sp. D,2,Churchill,MB,SA,E,58.72235,-93.83991,Mesic,3,9-13.vii.2010,PanTrap
Chloropidae,Oscinella,Oscinella sp. D,1,Churchill,MB,SA,E,58.72235,-93.83991,Mesic,3,9.vi.2010,Sweep
Chloropidae,Rhopalopterum,Rhopalopterum sp. A,1,Churchill,MB,SA,E,58.72235,-93.83991,Mesic,3,9-13.vii.2010,MalaiseTrap
Chloropidae,Siphonella,Siphonella oscinina (Fallén),1,Churchill,MB,SA,E,58.72235,-93.83991,Mesic,3,9-13.vii.2010,MalaiseTrap
Chloropidae,Thaumatomyia,Thaumatomyia trifasciata (Zett),1,Churchill,MB,SA,E,58.72235,-93.83991,Mesic,3,9-13.vii.2010,MalaiseTrap
Chloropidae,Tricimba,Tricimba cincta,1,Churchill,MB,SA,E,58.72235,-93.83991,Mesic,3,9-13.vii.2010,MalaiseTrap
Chloropidae,Tricimba,Tricimba melamonolica,1,Churchill,MB,SA,E,58.72235,-93.83991,Mesic,3,9-13.vii.2010,MalaiseTrap
Drosophilidae,Drosophila,Drosophila melanogaster,1,Churchill,MB,SA,E,58.72235,-93.83991,Mesic,3,9.vi.2010,Sweep
Drosophilidae,Scaptomyza,Scaptomyza (Parascaptomyza) ?adusta,1,Churchill,MB,SA,E,58.72235,-93.83991,Mesic,3,9-13.vii.2010,MalaiseTrap
Piophilidae,Neopiophila,Neopiophila setaluna,1,Churchill,MB,SA,E,58.72235,-93.83991,Mesic,3,9-13.vii.2010,PanTrap
Sciomyzidae,Dictya,Dictya umbroides Curran,1,Churchill,MB,SA,E,58.72235,-93.83991,Mesic,3,9-13.vii.2010,MalaiseTrap
Sciomyzidae,Pherbellia,Pherbellia sp. J,1,Churchill,MB,SA,E,58.72235,-93.83991,Mesic,3,9-13.vii.2010,MalaiseTrap
Sciomyzidae,Tetanocera,Tetanocera ?montana Day,1,Churchill,MB,SA,E,58.72235,-93.83991,Mesic,3,9-13.vii.2010,MalaiseTrap
Sciomyzidae,Tetanocera,Tetanocera fuscinervis Zetterstedt,1,Churchill,MB,SA,E,58.72235,-93.83991,Mesic,3,9-13.vii.2010,MalaiseTrap
Sciomyzidae,Tetanocera,Tetanocera spririfera,1,Churchill,MB,SA,E,58.72235,-93.83991,Mesic,3,9-13.vii.2010,MalaiseTrap
Sepsidae,Themira,Themira putris,1,Churchill,MB,SA,E,58.72235,-93.83991,Mesic,3,9-13.vii.2010,MalaiseTrap
Chloropidae,Conioscinella ,Conioscinella sp. A,3,Churchill,MB,SA,E,58.73573,-93.79789,Wet,1,5-9.vii.2010,PanTrap
Chloropidae,Conioscinella ,Conioscinella sp. A,1,Churchill,MB,SA,E,58.73573,-93.79789,Wet,1,9-13.vii.2010,PanTrap
Chloropidae,Elachiptera,Elachipter sp. B,1,Churchill,MB,SA,E,58.73573,-93.79789,Wet,1,5-9.vii.2010,MalaiseTrap
Chloropidae,Eribolus,Eribolus nanus,2,Churchill,MB,SA,E,58.73573,-93.79789,Wet,1,5-9.vii.2010,MalaiseTrap
Chloropidae,Pseudopachyceata,Pseudopachyceata ruficeps,4,Churchill,MB,SA,E,58.73573,-93.79789,Wet,1,5-9.vii.2010,MalaiseTrap
Chloropidae,Pseudopachyceata,Pseudopachyceata ruficeps,1,Churchill,MB,SA,E,58.73573,-93.79789,Wet,1,9.vi.2010,Sweep
Chloropidae,Rhopalopterum,Rhopalopterum sp. B,2,Churchill,MB,SA,E,58.73573,-93.79789,Wet,1,5-9.vii.2010,MalaiseTrap
Chloropidae,Rhopalopterum,Rhopalopterum sp. B,1,Churchill,MB,SA,E,58.73573,-93.79789,Wet,1,9-13.vii.2010,PanTrap
Chloropidae,Rhopalopterum,Rhopalopterum sp. E,1,Churchill,MB,SA,E,58.73573,-93.79789,Wet,1,9.vi.2010,Sweep
Chloropidae,Thaumatomyia,Thaumatomyia trifasciata (Zett),4,Churchill,MB,SA,E,58.73573,-93.79789,Wet,1,5-9.vii.2010,MalaiseTrap
Chloropidae,Tricimba,Tricimba brunnicolis,1,Churchill,MB,SA,E,58.73573,-93.79789,Wet,1,5-9.vii.2010,MalaiseTrap
Chloropidae,Tricimba,Tricimba brunnicolis,1,Churchill,MB,SA,E,58.73573,-93.79789,Wet,1,5.vi.2010,Sweep
Chloropidae,Tricimba,Tricimba melamonolica,1,Churchill,MB,SA,E,58.73573,-93.79789,Wet,1,9-13.vii.2010,PanTrap
Drosophilidae,Drosophila,Scaptomyza sp. F,1,Churchill,MB,SA,E,58.73573,-93.79789,Wet,1,5-9.vii.2010,MalaiseTrap
Ephydridae,0,Ephydridae sp. B,1,Churchill,MB,SA,E,58.73573,-93.79789,Wet,1,5-9.vii.2010,MalaiseTrap
Ephydridae,Lamproscatella,Lamproscatella quadrisetosa,2,Churchill,MB,SA,E,58.73573,-93.79789,Wet,1,5-9.vii.2010,MalaiseTrap
Ephydridae,Parydra,Parydra sp. B,1,Churchill,MB,SA,E,58.73573,-93.79789,Wet,1,5-9.vii.2010,MalaiseTrap
Ephydridae,Scatella,Scatella stagnalis (Fallén),1,Churchill,MB,SA,E,58.73573,-93.79789,Wet,1,5-9.vii.2010,MalaiseTrap
Sciomyzidae,Antichaeta,Antichaeta sp. A,2,Churchill,MB,SA,E,58.73573,-93.79789,Wet,1,5-9.vii.2010,MalaiseTrap
Sciomyzidae,Dictya,Dictya umbroides Curran,1,Churchill,MB,SA,E,58.73573,-93.79789,Wet,1,9-13.vii.2010,PanTrap
Sciomyzidae,Pherbellia,Pherbellia schoenherri maculata (Cresson),1,Churchill,MB,SA,E,58.73573,-93.79789,Wet,1,9-13.vii.2010,PanTrap
Sciomyzidae,Pherbellia,Pherbellia sp. G,1,Churchill,MB,SA,E,58.73573,-93.79789,Wet,1,5-9.vii.2010,MalaiseTrap
Sciomyzidae,Pherbellia,Pherbellia sp. I,1,Churchill,MB,SA,E,58.73573,-93.79789,Wet,1,5-9.vii.2010,MalaiseTrap
Sciomyzidae,Pteromicra,Pteromicra ?glabricula,2,Churchill,MB,SA,E,58.73573,-93.79789,Wet,1,5-9.vii.2010,MalaiseTrap
Sciomyzidae,Pteromicra,Pteromicra ?glabricula,1,Churchill,MB,SA,E,58.73573,-93.79789,Wet,1,9.vi.2010,Sweep
Sciomyzidae,Pteromicra,Pteromicra leucothrix,1,Churchill,MB,SA,E,58.73573,-93.79789,Wet,1,5-9.vii.2010,MalaiseTrap
Sciomyzidae,Pteromicra,Pteromicra steyskali Foote,3,Churchill,MB,SA,E,58.73573,-93.79789,Wet,1,1-5.vii.2010,PanTrap
Sciomyzidae,Pteromicra,Pteromicra steyskali Foote,2,Churchill,MB,SA,E,58.73573,-93.79789,Wet,1,5-9.vii.2010,PanTrap
Sciomyzidae,Pteromicra,Pteromicra steyskali Foote,2,Churchill,MB,SA,E,58.73573,-93.79789,Wet,1,9-13.vii.2010,PanTrap
Sciomyzidae,Sciomyza,Sciomyza sp. A,2,Churchill,MB,SA,E,58.73573,-93.79789,Wet,1,5-9.vii.2010,MalaiseTrap
Sciomyzidae,Sciomyza,Sciomyza sp. A,1,Churchill,MB,SA,E,58.73573,-93.79789,Wet,1,5.vi.2010,Sweep
Sciomyzidae,Tetanocera,Tetanocera ?montana Day,2,Churchill,MB,SA,E,58.73573,-93.79789,Wet,1,5-9.vii.2010,MalaiseTrap
Sciomyzidae,Tetanocera,Tetanocera ?montana Day,2,Churchill,MB,SA,E,58.73573,-93.79789,Wet,1,5-9.vii.2010,PanTrap
Sciomyzidae,Tetanocera,Tetanocera ?silvatica ,5,Churchill,MB,SA,E,58.73573,-93.79789,Wet,1,5-9.vii.2010,MalaiseTrap
Sciomyzidae,Tetanocera,Tetanocera ?silvatica ,2,Churchill,MB,SA,E,58.73573,-93.79789,Wet,1,9-13.vii.2010,PanTrap
Sciomyzidae,Tetanocera,Tetanocera fuscinervis Zetterstedt,2,Churchill,MB,SA,E,58.73573,-93.79789,Wet,1,5-9.vii.2010,PanTrap
Sciomyzidae,Tetanocera,Tetanocera fuscinervis Zetterstedt,2,Churchill,MB,SA,E,58.73573,-93.79789,Wet,1,5.vi.2010,Sweep
Sciomyzidae,Tetanocera,Tetanocera fuscinervis Zetterstedt,1,Churchill,MB,SA,E,58.73573,-93.79789,Wet,1,9.vi.2010,Sweep
Sciomyzidae,Tetanocera,Tetanocera phyllophora Melander,1,Churchill,MB,SA,E,58.73573,-93.79789,Wet,1,5-9.vii.2010,MalaiseTrap
Sciomyzidae,Tetanocera,Tetanocera phyllophora Melander,1,Churchill,MB,SA,E,58.73573,-93.79789,Wet,1,9-13.vii.2010,PanTrap
Sciomyzidae,Tetanocera,Tetanocera robusta Loew,9,Churchill,MB,SA,E,58.73573,-93.79789,Wet,1,5-9.vii.2010,MalaiseTrap
Sciomyzidae,Tetanocera,Tetanocera spririfera,2,Churchill,MB,SA,E,58.73573,-93.79789,Wet,1,9-13.vii.2010,PanTrap
Sepsidae,Themira,Themira maculatarsis Curran,1,Churchill,MB,SA,E,58.73573,-93.79789,Wet,1,5-9.vii.2010,MalaiseTrap
Sphaeroceridae,Norrbomia,Norrbomia fumipennis,1,Churchill,MB,SA,E,58.73573,-93.79789,Wet,1,5-9.vii.2010,MalaiseTrap
Sphaeroceridae,Rachispoda,Rachispoda vespertina,1,Churchill,MB,SA,E,58.73573,-93.79789,Wet,1,5-9.vii.2010,MalaiseTrap
Sphaeroceridae,Spelobia,Spelobia bispina,1,Churchill,MB,SA,E,58.73573,-93.79789,Wet,1,5-9.vii.2010,MalaiseTrap
Ulidiidae,Haigia,Haigia ?nevadana ,1,Churchill,MB,SA,E,58.73573,-93.79789,Wet,1,5-9.vii.2010,MalaiseTrap
Chloropidae,Conioscinella ,Conioscinella sp. A,1,Churchill,MB,SA,E,58.73034,-93.79509,Wet,2,1-4.vii.2010,PanTrap
Chloropidae,Conioscinella ,Conioscinella sp. A,5,Churchill,MB,SA,E,58.73034,-93.79509,Wet,2,4-8.vii.2010,PanTrap
Chloropidae,Conioscinella ,Conioscinella sp. A,5,Churchill,MB,SA,E,58.73034,-93.79509,Wet,2,8-13.vii.2010,PanTrap
Chloropidae,Malloewia ,Malloewia sp. B,2,Churchill,MB,SA,E,58.73034,-93.79509,Wet,2,8-13.vii.2010,PanTrap
Chloropidae,Pseudopachyceata,Pseudopachyceata ruficeps,1,Churchill,MB,SA,E,58.73034,-93.79509,Wet,2,1-5.vii.2010,MalaiseTrap
Chloropidae,Siphonella,Siphonella oscinina (Fallén),3,Churchill,MB,SA,E,58.73034,-93.79509,Wet,2,8-13.vii.2010,PanTrap
Chloropidae,Thaumatomyia,Thaumatomyia trifasciata (Zett),1,Churchill,MB,SA,E,58.73034,-93.79509,Wet,2,1-5.vii.2010,MalaiseTrap
Chloropidae,Tricimba,Tricimba melamonolica,1,Churchill,MB,SA,E,58.73034,-93.79509,Wet,2,1-5.vii.2010,MalaiseTrap
Ephydridae,Hydrellia,Hydrellia sp. C,1,Churchill,MB,SA,E,58.73034,-93.79509,Wet,2,1-4.vii.2010,PanTrap
Ephydridae,Scatella,Scatella stagnalis (Fallén),1,Churchill,MB,SA,E,58.73034,-93.79509,Wet,2,1-5.vii.2010,MalaiseTrap
Ephydridae,Scatella,Scatella stagnalis (Fallén),1,Churchill,MB,SA,E,58.73034,-93.79509,Wet,2,4-8.vii.2010,PanTrap
Sciomyzidae,Pherbellia,Pherbellia sp. D,1,Churchill,MB,SA,E,58.73034,-93.79509,Wet,2,1-5.vii.2010,MalaiseTrap
Sciomyzidae,Pteromicra,Pteromicra ?glabricula,1,Churchill,MB,SA,E,58.73034,-93.79509,Wet,2,1-5.vii.2010,MalaiseTrap
Sciomyzidae,Pteromicra,Pteromicra ?glabricula,1,Churchill,MB,SA,E,58.73034,-93.79509,Wet,2,8-13.vii.2010,PanTrap
Sciomyzidae,Pteromicra,Pteromicra ?pectosa,1,Churchill,MB,SA,E,58.73034,-93.79509,Wet,2,1-5.vii.2010,MalaiseTrap
Sciomyzidae,Pteromicra,Pteromicra leucothrix,1,Churchill,MB,SA,E,58.73034,-93.79509,Wet,2,1-5.vii.2010,MalaiseTrap
Sciomyzidae,Tetanocera,Tetanocera ?montana Day,1,Churchill,MB,SA,E,58.73034,-93.79509,Wet,2,4-8.vii.2010,PanTrap
Sciomyzidae,Tetanocera,Tetanocera ?silvatica ,3,Churchill,MB,SA,E,58.73034,-93.79509,Wet,2,1-5.vii.2010,MalaiseTrap
Sciomyzidae,Tetanocera,Tetanocera ?silvatica ,1,Churchill,MB,SA,E,58.73034,-93.79509,Wet,2,4-8.vii.2010,PanTrap
Sciomyzidae,Tetanocera,Tetanocera fuscinervis Zetterstedt,2,Churchill,MB,SA,E,58.73034,-93.79509,Wet,2,4-8.vii.2010,PanTrap
Sciomyzidae,Tetanocera,Tetanocera spririfera,1,Churchill,MB,SA,E,58.73034,-93.79509,Wet,2,4-8.vii.2010,PanTrap
Sciomyzidae,Tetanocera,Tetanocera spririfera,1,Churchill,MB,SA,E,58.73034,-93.79509,Wet,2,8-13.vii.2010,PanTrap
Sepsidae,Sepsis,Sepsis sp. B,1,Churchill,MB,SA,E,58.73034,-93.79509,Wet,2,1-5.vii.2010,MalaiseTrap
Sphaeroceridae,Spelobia,Spelobia bispina,1,Churchill,MB,SA,E,58.73034,-93.79509,Wet,2,1-4.vii.2010,PanTrap
Chloropidae,Conioscinella ,Conioscinella sp. A,8,Churchill,MB,SA,E,58.65735,-93.83104,Wet,3,1-5.vii.2010,PanTrap
Chloropidae,Conioscinella ,Conioscinella sp. A,3,Churchill,MB,SA,E,58.65735,-93.83104,Wet,3,5-9.vii.2010,PanTrap
Chloropidae,Conioscinella ,Conioscinella sp. A,4,Churchill,MB,SA,E,58.65735,-93.83104,Wet,3,9-13.vii.2010,PanTrap
Chloropidae,Conioscinella,Conioscinella triorbiculata,1,Churchill,MB,SA,E,58.65735,-93.83104,Wet,3,9.vi.2010,Sweep
Chloropidae,Elachiptera,Elachipter sp. B,1,Churchill,MB,SA,E,58.65735,-93.83104,Wet,3,9-13.vii.2010,MalaiseTrap
Chloropidae,Elachiptera,Elachipter sp. B,1,Churchill,MB,SA,E,58.65735,-93.83104,Wet,3,9.vi.2010,Sweep
Chloropidae,Eribolus,Eribolus nanus,5,Churchill,MB,SA,E,58.65735,-93.83104,Wet,3,9-13.vii.2010,MalaiseTrap
Chloropidae,Eribolus,Eribolus nanus,2,Churchill,MB,SA,E,58.65735,-93.83104,Wet,3,9.vi.2010,Sweep
Chloropidae,Malloewia ,Malloewia sp. B,2,Churchill,MB,SA,E,58.65735,-93.83104,Wet,3,9-13.vii.2010,PanTrap
Chloropidae,Oscinella,Oscinella sp. D,1,Churchill,MB,SA,E,58.65735,-93.83104,Wet,3,9-13.vii.2010,MalaiseTrap
Chloropidae,Pseudopachyceata,Pseudopachyceata ruficeps,1,Churchill,MB,SA,E,58.65735,-93.83104,Wet,3,9-13.vii.2010,MalaiseTrap
Chloropidae,Rhopalopterum,Rhopalopterum sp. A,1,Churchill,MB,SA,E,58.65735,-93.83104,Wet,3,9-13.vii.2010,MalaiseTrap
Chloropidae,Rhopalopterum,Rhopalopterum sp. A,4,Churchill,MB,SA,E,58.65735,-93.83104,Wet,3,9.vi.2010,Sweep
Chloropidae,Rhopalopterum,Rhopalopterum sp. B,1,Churchill,MB,SA,E,58.65735,-93.83104,Wet,3,9-13.vii.2010,PanTrap
Chloropidae,Rhopalopterum,Rhopalopterum sp. C,1,Churchill,MB,SA,E,58.65735,-93.83104,Wet,3,5-9.vii.2010,PanTrap
Drosophilidae,Scaptomyza,Scaptomyza (Hemiscaptomyza) ?trochantera,1,Churchill,MB,SA,E,58.65735,-93.83104,Wet,3,9-13.vii.2010,MalaiseTrap
Ephydridae,Hydrellia,Hydrellia sp. C,1,Churchill,MB,SA,E,58.65735,-93.83104,Wet,3,9-13.vii.2010,PanTrap
Ephydridae,Notiphila,Notiphila sp. A,1,Churchill,MB,SA,E,58.65735,-93.83104,Wet,3,9-13.vii.2010,MalaiseTrap
Ephydridae,Ochtheria,Ochtheria mantis complex,1,Churchill,MB,SA,E,58.65735,-93.83104,Wet,3,1-5.vii.2010,PanTrap
Ephydridae,Philotelma,Philotelma defectum,1,Churchill,MB,SA,E,58.65735,-93.83104,Wet,3,9.vi.2010,Sweep
Ephydridae,Scatella,Scatella stagnalis (Fallén),1,Churchill,MB,SA,E,58.65735,-93.83104,Wet,3,9-13.vii.2010,MalaiseTrap
Ephydridae,Scatophila,Scatophila hirtirostris (Sturt & Wheeler),1,Churchill,MB,SA,E,58.65735,-93.83104,Wet,3,5-9.vii.2010,PanTrap
Lauxaniidae,Melanomyza,Melanomyza sp. B,1,Churchill,MB,SA,E,58.65735,-93.83104,Wet,3,9-13.vii.2010,MalaiseTrap
Lauxaniidae,Melanomyza,Melanomyza sp. B,1,Churchill,MB,SA,E,58.65735,-93.83104,Wet,3,9.vi.2010,Sweep
Milichiidae,Neophyllomyza,Neophyllomyza quadricornis,1,Churchill,MB,SA,E,58.65735,-93.83104,Wet,3,9.vi.2010,Sweep
Sciomyzidae,Dictya,Dictya hudsonica Steyskal,1,Churchill,MB,SA,E,58.65735,-93.83104,Wet,3,9-13.vii.2010,MalaiseTrap
Sciomyzidae,Dictya,Dictya umbroides Curran,3,Churchill,MB,SA,E,58.65735,-93.83104,Wet,3,9.vi.2010,Sweep
Sciomyzidae,Limnia,Limnia sp. A,1,Churchill,MB,SA,E,58.65735,-93.83104,Wet,3,5-9.vii.2010,PanTrap
Sciomyzidae,Pherbellia,Pherbellia nana (Fallén),1,Churchill,MB,SA,E,58.65735,-93.83104,Wet,3,9-13.vii.2010,MalaiseTrap
Sciomyzidae,Pherbellia,Pherbellia nana (Fallén),6,Churchill,MB,SA,E,58.65735,-93.83104,Wet,3,1-5.vii.2010,PanTrap
Sciomyzidae,Pherbellia,Pherbellia nana (Fallén),4,Churchill,MB,SA,E,58.65735,-93.83104,Wet,3,5-9.vii.2010,PanTrap
Sciomyzidae,Pherbellia,Pherbellia nana (Fallén),4,Churchill,MB,SA,E,58.65735,-93.83104,Wet,3,9-13.vii.2010,PanTrap
Sciomyzidae,Pherbellia,Pherbellia nana (Fallén),36,Churchill,MB,SA,E,58.65735,-93.83104,Wet,3,9.vi.2010,Sweep
Sciomyzidae,Pherbellia,Pherbellia schoenherri maculata (Cresson),1,Churchill,MB,SA,E,58.65735,-93.83104,Wet,3,1-5.vii.2010,PanTrap
Sciomyzidae,Pherbellia,Pherbellia sp. K,1,Churchill,MB,SA,E,58.65735,-93.83104,Wet,3,9-13.vii.2010,MalaiseTrap
Sciomyzidae,Pherbellia,Pherbellia sp. N,1,Churchill,MB,SA,E,58.65735,-93.83104,Wet,3,9-13.vii.2010,PanTrap
Sciomyzidae,Pteromicra,Pteromicra ?glabricula,1,Churchill,MB,SA,E,58.65735,-93.83104,Wet,3,9-13.vii.2010,PanTrap
Sciomyzidae,Pteromicra,Pteromicra ?glabricula,1,Churchill,MB,SA,E,58.65735,-93.83104,Wet,3,9.vi.2010,Sweep
Sciomyzidae,Pteromicra,Pteromicra leucothrix,1,Churchill,MB,SA,E,58.65735,-93.83104,Wet,3,9-13.vii.2010,MalaiseTrap
Sciomyzidae,Pteromicra,Pteromicra leucothrix,1,Churchill,MB,SA,E,58.65735,-93.83104,Wet,3,9.vi.2010,Sweep
Sciomyzidae,Pteromicra,Pteromicra steyskali Foote,1,Churchill,MB,SA,E,58.65735,-93.83104,Wet,3,5-9.vii.2010,PanTrap
Sciomyzidae,Sciomyza,Sciomyza simplex Fallén,1,Churchill,MB,SA,E,58.65735,-93.83104,Wet,3,9-13.vii.2010,MalaiseTrap
Sciomyzidae,Tetanocera,Tetanocera ?silvatica ,7,Churchill,MB,SA,E,58.65735,-93.83104,Wet,3,9-13.vii.2010,MalaiseTrap
Sciomyzidae,Tetanocera,Tetanocera ?silvatica ,1,Churchill,MB,SA,E,58.65735,-93.83104,Wet,3,5-9.vii.2010,PanTrap
Sciomyzidae,Tetanocera,Tetanocera ?silvatica ,4,Churchill,MB,SA,E,58.65735,-93.83104,Wet,3,9-13.vii.2010,PanTrap
Sciomyzidae,Tetanocera,Tetanocera ?silvatica ,5,Churchill,MB,SA,E,58.65735,-93.83104,Wet,3,9.vi.2010,Sweep
Sciomyzidae,Tetanocera,Tetanocera andromastos Steyskal,1,Churchill,MB,SA,E,58.65735,-93.83104,Wet,3,9.vi.2010,Sweep
Sciomyzidae,Tetanocera,Tetanocera fuscinervis Zetterstedt,4,Churchill,MB,SA,E,58.65735,-93.83104,Wet,3,9-13.vii.2010,MalaiseTrap
Sciomyzidae,Tetanocera,Tetanocera fuscinervis Zetterstedt,4,Churchill,MB,SA,E,58.65735,-93.83104,Wet,3,9.vi.2010,Sweep
Sciomyzidae,Tetanocera,Tetanocera phyllophora Melander,1,Churchill,MB,SA,E,58.65735,-93.83104,Wet,3,9-13.vii.2010,PanTrap
Sciomyzidae,Tetanocera,Tetanocera robusta Loew,1,Churchill,MB,SA,E,58.65735,-93.83104,Wet,3,5-9.vii.2010,PanTrap
Sepsidae,Themira,Themira flavicoxa Melander & Spuler,1,Churchill,MB,SA,E,58.65735,-93.83104,Wet,3,9-13.vii.2010,MalaiseTrap
Sepsidae,Themira,Themira maculatarsis Curran,1,Churchill,MB,SA,E,58.65735,-93.83104,Wet,3,9.vi.2010,Sweep
Sphaeroceridae,Norrbomia,Norrbomia fumipennis,2,Churchill,MB,SA,E,58.65735,-93.83104,Wet,3,9-13.vii.2010,MalaiseTrap
Sphaeroceridae,Pseudocollinella,Pseudocollinella sp. C,2,Churchill,MB,SA,E,58.65735,-93.83104,Wet,3,9-13.vii.2010,MalaiseTrap
Sphaeroceridae,Pseudocollinella,Pseudocollinella sp. C,1,Churchill,MB,SA,E,58.65735,-93.83104,Wet,3,5-9.vii.2010,PanTrap
Sphaeroceridae,Spelobia,Spelobia sp. C,1,Churchill,MB,SA,E,58.65735,-93.83104,Wet,3,9-13.vii.2010,MalaiseTrap
Chloropidae,Conioscinella ,Conioscinella sp. A,1,Goose_Bay,NL,NB,E,53.3189,-60.29594,Mesic,1,15-18.vi.2010,PanTrap
Chloropidae,Conioscinella ,Conioscinella sp. A,4,Goose_Bay,NL,NB,E,53.3189,-60.29594,Mesic,1,18-21.vi.2010,PanTrap
Chloropidae,Conioscinella ,Conioscinella sp. A,11,Goose_Bay,NL,NB,E,53.3189,-60.29594,Mesic,1,21-24.vi.2010,PanTrap
Chloropidae,Tricimba,Tricimba cincta,12,Goose_Bay,NL,NB,E,53.3189,-60.29594,Mesic,1,18-21.vi.2010,MalaiseTrap
Chloropidae,Tricimba,Tricimba melamonolica,1,Goose_Bay,NL,NB,E,53.3189,-60.29594,Mesic,1,18-21.vi.2010,MalaiseTrap
Drosophilidae,Scaptomyza,Scaptomyza (Hemiscaptomyza) sp. H,1,Goose_Bay,NL,NB,E,53.3189,-60.29594,Mesic,1,18-21.vi.2010,MalaiseTrap
Heleomyzidae,Heteromyza,Heteromyza oculata ,1,Goose_Bay,NL,NB,E,53.3189,-60.29594,Mesic,1,18-21.vi.2010,MalaiseTrap
Heleomyzidae,Suillia,Suillia barberi,1,Goose_Bay,NL,NB,E,53.3189,-60.29594,Mesic,1,21-24.vi.2010,PanTrap
Heleomyzidae,Tephroclamys,Tephroclamys rufiventris,1,Goose_Bay,NL,NB,E,53.3189,-60.29594,Mesic,1,18-21.vi.2010,MalaiseTrap
Piophilidae,Liopiophila,Liopiophila varipes,1,Goose_Bay,NL,NB,E,53.3189,-60.29594,Mesic,1,18-21.vi.2010,MalaiseTrap
Sphaeroceridae,0,Limosininae sp. A,1,Goose_Bay,NL,NB,E,53.3189,-60.29594,Mesic,1,21.vi.2010,Sweep
Sphaeroceridae,0,Limosininae sp. F,1,Goose_Bay,NL,NB,E,53.3189,-60.29594,Mesic,1,21-24.vi.2010,PanTrap
Chloropidae,Conioscinella ,Conioscinella sp. A,2,Goose_Bay,NL,NB,E,53.32036,-60.29691,Mesic,2,18-21.vi.2010,PanTrap
Chloropidae,Conioscinella ,Conioscinella sp. A,7,Goose_Bay,NL,NB,E,53.32036,-60.29691,Mesic,2,21-24.vi.2010,PanTrap
Chloropidae,Tricimba,Tricimba brunnicolis,1,Goose_Bay,NL,NB,E,53.32036,-60.29691,Mesic,2,15-18.vi.2010,MalaiseTrap
Chloropidae,Tricimba,Tricimba cincta,6,Goose_Bay,NL,NB,E,53.32036,-60.29691,Mesic,2,15-18.vi.2010,MalaiseTrap
Drosophilidae,Drosophila,Drosophila rellima Wheeler,1,Goose_Bay,NL,NB,E,53.32036,-60.29691,Mesic,2,18-21.vi.2010,PanTrap
Drosophilidae,Drosophila,Drosophila rellima Wheeler,1,Goose_Bay,NL,NB,E,53.32036,-60.29691,Mesic,2,21-24.vi.2010,PanTrap
Ephydridae,Ochtheria,Ochtheria mantis complex,1,Goose_Bay,NL,NB,E,53.32036,-60.29691,Mesic,2,15-18.vi.2010,MalaiseTrap
Heleomyzidae,Scoliocentra,Scoliocentra fraterna,1,Goose_Bay,NL,NB,E,53.32036,-60.29691,Mesic,2,15-18.vi.2010,MalaiseTrap
Heleomyzidae,Suillia,Suillia barberi,2,Goose_Bay,NL,NB,E,53.32036,-60.29691,Mesic,2,21-24.vi.2010,PanTrap
Chloropidae,Conioscinella ,Conioscinella sp. A,5,Goose_Bay,NL,NB,E,53.32035,-60.29268,Mesic,3,18-21.vi.2010,PanTrap
Chloropidae,Conioscinella ,Conioscinella sp. A,10,Goose_Bay,NL,NB,E,53.32035,-60.29268,Mesic,3,21-24.vi.2010,PanTrap
Chloropidae,Tricimba,Tricimba cincta,4,Goose_Bay,NL,NB,E,53.32035,-60.29268,Mesic,3,21-24.vi.2010,MalaiseTrap
Chloropidae,Tricimba,Tricimba melamonolica,1,Goose_Bay,NL,NB,E,53.32035,-60.29268,Mesic,3,21-24.vi.2010,MalaiseTrap
Drosophilidae,Drosophila,Drosophila rellima Wheeler,3,Goose_Bay,NL,NB,E,53.32035,-60.29268,Mesic,3,21-24.vi.2010,MalaiseTrap
Heleomyzidae,Heteromyza,Heteromyza oculata ,1,Goose_Bay,NL,NB,E,53.32035,-60.29268,Mesic,3,21-24.vi.2010,MalaiseTrap
Heleomyzidae,Suillia,Suillia barberi,2,Goose_Bay,NL,NB,E,53.32035,-60.29268,Mesic,3,21-24.vi.2010,PanTrap
Heleomyzidae,Tephroclamys,Tephroclamys rufiventris,2,Goose_Bay,NL,NB,E,53.32035,-60.29268,Mesic,3,21-24.vi.2010,MalaiseTrap
Milichiidae,Neophyllomyza,Neophyllomyza quadricornis,1,Goose_Bay,NL,NB,E,53.32035,-60.29268,Mesic,3,21-24.vi.2010,MalaiseTrap
Piophilidae,Liopiophila,Liopiophila varipes,1,Goose_Bay,NL,NB,E,53.32035,-60.29268,Mesic,3,21.vi.2010,Sweep
Chloropidae,Conioscinella ,Conioscinella sp. A,1,Goose_Bay,NL,NB,E,53.21199,-60.45062,Wet,1,21.vi.2010,Sweep
Chloropidae,Thaumatomyia,Thaumatomyia pulla (Adams),2,Goose_Bay,NL,NB,E,53.21199,-60.45062,Wet,1,18-21.vi.2010,PanTrap
Chloropidae,Thaumatomyia,Thaumatomyia pulla (Adams),1,Goose_Bay,NL,NB,E,53.21199,-60.45062,Wet,1,21-24.vi.2010,PanTrap
Heleomyzidae,Heteromyza,Heteromyza oculata ,2,Goose_Bay,NL,NB,E,53.21199,-60.45062,Wet,1,21-24.vi.2010,MalaiseTrap
Heleomyzidae,Tephroclamys,Tephroclamys rufiventris,1,Goose_Bay,NL,NB,E,53.21199,-60.45062,Wet,1,21-24.vi.2010,MalaiseTrap
Sphaeroceridae,Spelobia,Spelobia sp. E,1,Goose_Bay,NL,NB,E,53.21199,-60.45062,Wet,1,21-24.vi.2010,MalaiseTrap
Sphaeroceridae,Dahlimosina ,Dahlimosina dahli,1,Goose_Bay,NL,NB,E,53.21408,-60.45044,Wet,2,18-21.vi.2010,PanTrap
Sphaeroceridae,Dahlimosina ,Dahlimosina dahli,1,Goose_Bay,NL,NB,E,53.21408,-60.45044,Wet,2,21-24.vi.2010,PanTrap
Chloropidae,Pseudopachyceata,Pseudopachyceata ruficeps,1,Goose_Bay,NL,NB,E,53.2162,-60.45001,Wet,3,15-18.vi.2010,PanTrap
Sciomyzidae,Tetanocera,Tetanocera sp. A,1,Goose_Bay,NL,NB,E,53.2162,-60.45001,Wet,3,15-18.vi.2010,MalaiseTrap
Sphaeroceridae,Spelobia,Spelobia sp. E,1,Goose_Bay,NL,NB,E,53.2162,-60.45001,Wet,3,18-21.vi.2010,PanTrap
Piophilidae,Lasiopiophila,Lasiopiophila pilosa,4,Iqaluit,NU,HA,E,63.79113,-68.57375,Mesic,1,17-21.vii.2010,PanTrap
Piophilidae,Lasiopiophila,Lasiopiophila pilosa,5,Iqaluit,NU,HA,E,63.79113,-68.57375,Mesic,1,21-25.vii.2010,PanTrap
Carnidae,Meonura,Meonura flavifacies Collin,1,Iqaluit,NU,HA,E,63.7783,-68.54961,Mesic,2,21.vi.2010,Sweep
Carnidae,Meonura,Meonura flavifacies Collin,1,Iqaluit,NU,HA,E,63.75117,-68.45898,Mesic,3,17-21.vii.2010,MalaiseTrap
Heleomyzidae,Neoleria,Neoleria fuscolinea,1,Iqaluit,NU,HA,E,63.75117,-68.45898,Mesic,3,17-21.vii.2010,MalaiseTrap
Heleomyzidae,Neoleria,Neoleria prominens,1,Iqaluit,NU,HA,E,63.75117,-68.45898,Mesic,3,17-21.vii.2010,MalaiseTrap
Piophilidae,Arctopiophila,Arctopiophila arctica,2,Iqaluit,NU,HA,E,63.75117,-68.45898,Mesic,3,17-21.vii.2010,MalaiseTrap
Piophilidae,Lasiopiophila,Lasiopiophila pilosa,1,Iqaluit,NU,HA,E,63.75117,-68.45898,Mesic,3,21-25.vii.2010,PanTrap
Ephydridae,Scatella,Scatella stagnalis (Fallén),1,Iqaluit,NU,HA,E,63.79144,-68.57352,Wet,1,17.vi.2010,Sweep
Heleomyzidae,Neoleria,Neoleria prominens,1,Iqaluit,NU,HA,E,63.79144,-68.57352,Wet,1,17-21.vii.2010,MalaiseTrap
Heleomyzidae,Neoleria,Neoleria tibialis,1,Iqaluit,NU,HA,E,63.79144,-68.57352,Wet,1,17-21.vii.2010,MalaiseTrap
Piophilidae,Lasiopiophila,Lasiopiophila pilosa,1,Iqaluit,NU,HA,E,63.79144,-68.57352,Wet,1,17-21.vii.2010,PanTrap
Ephydridae,Parydra,Parydra sp. A,1,Iqaluit,NU,HA,E,63.75672,-68.5677,Wet,2,17.vi.2010,Sweep
Ephydridae,Parydra,Parydra sp. A,1,Iqaluit,NU,HA,E,63.75672,-68.5677,Wet,2,25.vi.2010,Sweep
Ephydridae,Scatella,Scatella stagnalis (Fallén),1,Iqaluit,NU,HA,E,63.75672,-68.5677,Wet,2,21-25.vii.2010,PanTrap
Heleomyzidae,Neoleria,Neoleria prominens,1,Iqaluit,NU,HA,E,63.75672,-68.5677,Wet,2,25-29.vii.2010,MalaiseTrap
Sphaeroceridae,Norrbomia,Norrbomia fumipennis,3,Iqaluit,NU,HA,E,63.75672,-68.5677,Wet,2,17-21.vii.2010,PanTrap
Sphaeroceridae,Norrbomia,Norrbomia fumipennis,1,Iqaluit,NU,HA,E,63.75672,-68.5677,Wet,2,21-25.vii.2010,PanTrap
Carnidae,Meonura,Meonura flavifacies Collin,1,Iqaluit,NU,HA,E,63.75122,-68.45927,Wet,3,25-29.vii.2010,PanTrap
Piophilidae,Arctopiophila,Arctopiophila arctica,1,Iqaluit,NU,HA,E,63.75122,-68.45927,Wet,3,21-25.vii.2010,MalaiseTrap
Piophilidae,Lasiopiophila,Lasiopiophila pilosa,1,Iqaluit,NU,HA,E,63.75122,-68.45927,Wet,3,17-21.vii.2010,PanTrap
Sepsidae,Themira,Themira maculatarsis Curran,1,Iqaluit,NU,HA,E,63.75122,-68.45927,Wet,3,21-25.vii.2010,MalaiseTrap
Sphaeroceridae,Copromyza,Copromyza sp. A,1,Iqaluit,NU,HA,E,63.75122,-68.45927,Wet,3,17-21.vii.2010,PanTrap
Sphaeroceridae,Norrbomia,Norrbomia fumipennis,5,Iqaluit,NU,HA,E,63.75122,-68.45927,Wet,3,21-25.vii.2010,PanTrap
Chloropidae,Tricimba,Tricimba cincta,1,Kugluktuk,NU,SA,W,67.78463,-115.27979,Mesic,1,22-26.vi.2011,PanTrap
Heleomyzidae,Neoleria,Neoleria prominens,1,Kugluktuk,NU,SA,W,67.78463,-115.27979,Mesic,1,22-26.vi.2011,MalaiseTrap
Heleomyzidae,Neoleria,Neoleria ruficauda,1,Kugluktuk,NU,SA,W,67.78463,-115.27979,Mesic,1,22-26.vi.2011,MalaiseTrap
Sphaeroceridae,Leptocera,Leptocera sp. A,1,Kugluktuk,NU,SA,W,67.78463,-115.27979,Mesic,1,29.vi-2.vii.2011,PanTrap
Sphaeroceridae,Leptocera,Leptocera sp. A,1,Kugluktuk,NU,SA,W,67.78463,-115.27979,Mesic,1,3.vii.2011,Sweep
Sphaeroceridae,0,Limosininae sp. G,1,Kugluktuk,NU,SA,W,67.78463,-115.27979,Mesic,1,29.vi-2.vii.2011,PanTrap
Chloropidae,Tricimba,Tricimba brunnicolis,1,Kugluktuk,NU,SA,W,67.83538,-115.20987,Mesic,2,3.vii.2011,Sweep
Ephydridae,Lamproscatella,Lamproscatella occidentalis,1,Kugluktuk,NU,SA,W,67.83538,-115.20987,Mesic,2,3.vii.2011,Sweep
Sphaeroceridae,Spelobia,Spelobia sp. D,1,Kugluktuk,NU,SA,W,67.83538,-115.20987,Mesic,2,3.vii.2011,Sweep
Chloropidae,Pseudopachyceata,Pseudopachyceata ruficeps,1,Kugluktuk,NU,SA,W,67.77436,-115.30732,Mesic,3,30.vi.2011,Sweep
Chloropidae,Tricimba,Tricimba brunnicolis,2,Kugluktuk,NU,SA,W,67.77436,-115.30732,Mesic,3,29.vi-2.vii.2011,PanTrap
Heleomyzidae,Tephroclamys,Tephroclamys rufiventris,2,Kugluktuk,NU,SA,W,67.77436,-115.30732,Mesic,3,29.vi-2.vii.2011,MalaiseTrap
Piophilidae,Liopiophila,Liopiophila varipes,1,Kugluktuk,NU,SA,W,67.77436,-115.30732,Mesic,3,29.vi-2.vii.2011,MalaiseTrap
Piophilidae,Parapiophila,Parapiophila atrifrons,1,Kugluktuk,NU,SA,W,67.77436,-115.30732,Mesic,3,29.vi-2.vii.2011,MalaiseTrap
Piophilidae,Parapiophila,Parapiophila fulviceps,1,Kugluktuk,NU,SA,W,67.77436,-115.30732,Mesic,3,29.vi-2.vii.2011,MalaiseTrap
Sphaeroceridae,Norrbomia,Norrbomia fumipennis,1,Kugluktuk,NU,SA,W,67.77436,-115.30732,Mesic,3,29.vi-2.vii.2011,PanTrap
Chloropidae,Conioscinella ,Conioscinella sp. A,1,Kugluktuk,NU,SA,W,67.78508,-115.27573,Wet,1,29.vi-2.vii.2011,PanTrap
Chloropidae,Pseudopachyceata,Pseudopachyceata ruficeps,1,Kugluktuk,NU,SA,W,67.78508,-115.27573,Wet,1,30.vi.2011,Sweep
Ephydridae,Scatophila,Scatophila ?mesogramma,1,Kugluktuk,NU,SA,W,67.78508,-115.27573,Wet,1,3.vii.2011,Sweep
Heleomyzidae,Heteromyza,Heteromyza oculata ,1,Kugluktuk,NU,SA,W,67.78508,-115.27573,Wet,1,22-26.vi.2011,MalaiseTrap
Piophilidae,Neopiophila,Neopiophila setaluna,1,Kugluktuk,NU,SA,W,67.78508,-115.27573,Wet,1,30.vi.2011,Sweep
Sphaeroceridae,0,Limosininae sp. G,1,Kugluktuk,NU,SA,W,67.78508,-115.27573,Wet,1,3.vii.2011,Sweep
Sphaeroceridae,Norrbomia,Norrbomia fumipennis,3,Kugluktuk,NU,SA,W,67.78508,-115.27573,Wet,1,29.vi-2.vii.2011,PanTrap
Chloropidae,Pseudopachyceata,Pseudopachyceata ruficeps,7,Kugluktuk,NU,SA,W,67.83391,-115.2141,Wet,2,3.vii.2011,Sweep
Ephydridae,Lamproscatella,Lamproscatella occidentalis,1,Kugluktuk,NU,SA,W,67.83391,-115.2141,Wet,2,3.vii.2011,Sweep
Ephydridae,Rhinohapasa,Rhinohapasa metallica,2,Kugluktuk,NU,SA,W,67.83391,-115.2141,Wet,2,3.vii.2011,Sweep
Ephydridae,Scatella,Scatella stagnalis (Fallén),2,Kugluktuk,NU,SA,W,67.83391,-115.2141,Wet,2,3.vii.2011,Sweep
Sciomyzidae,Elgiva,Elgiva connexa (Steyskal),1,Kugluktuk,NU,SA,W,67.83391,-115.2141,Wet,2,26-29.vi.2011,PanTrap
Sciomyzidae,Elgiva,Elgiva connexa (Steyskal),1,Kugluktuk,NU,SA,W,67.83391,-115.2141,Wet,2,30.vi.2011,Sweep
Sciomyzidae,Pherbellia,Pherbellia sp. C,1,Kugluktuk,NU,SA,W,67.83391,-115.2141,Wet,2,3.vii.2011,Sweep
Sciomyzidae,Pteromicra,Pteromicra ?glabricula,1,Kugluktuk,NU,SA,W,67.83391,-115.2141,Wet,2,3.vii.2011,Sweep
Sepsidae,Themira,Themira maculatarsis Curran,1,Kugluktuk,NU,SA,W,67.83391,-115.2141,Wet,2,3.vii.2011,Sweep
Sphaeroceridae,Copromyza,Copromyza sp. A,2,Kugluktuk,NU,SA,W,67.83391,-115.2141,Wet,2,26-29.vi.2011,PanTrap
Sphaeroceridae,Norrbomia,Norrbomia fumipennis,3,Kugluktuk,NU,SA,W,67.83391,-115.2141,Wet,2,26-29.vi.2011,PanTrap
Chloropidae,Elachiptera,Elachiptera decipens,1,Kugluktuk,NU,SA,W,67.77639,-115.30882,Wet,3,22-26.vi.2011,PanTrap
Chloropidae,Pseudopachyceata,Pseudopachyceata ruficeps,2,Kugluktuk,NU,SA,W,67.77639,-115.30882,Wet,3,22-26.vi.2011,PanTrap
Chloropidae,Pseudopachyceata,Pseudopachyceata ruficeps,1,Kugluktuk,NU,SA,W,67.77639,-115.30882,Wet,3,26-29.vi.2011,PanTrap
Chloropidae,Pseudopachyceata,Pseudopachyceata ruficeps,1,Kugluktuk,NU,SA,W,67.77639,-115.30882,Wet,3,30.vi.2011,Sweep
Chloropidae,Pseudopachyceata,Pseudopachyceata ruficeps,1,Kugluktuk,NU,SA,W,67.77639,-115.30882,Wet,3,3.vii.2011,Sweep
Ephydridae,Parydra,Parydra sp. A,2,Kugluktuk,NU,SA,W,67.77639,-115.30882,Wet,3,3.vii.2011,Sweep
Ephydridae,Rhinohapasa,Rhinohapasa metallica,2,Kugluktuk,NU,SA,W,67.77639,-115.30882,Wet,3,3.vii.2011,Sweep
Ephydridae,Scatella,Scatella stagnalis (Fallén),6,Kugluktuk,NU,SA,W,67.77639,-115.30882,Wet,3,3.vii.2011,Sweep
Ephydridae,Scatophila,Scatophila ?mesogramma,2,Kugluktuk,NU,SA,W,67.77639,-115.30882,Wet,3,3.vii.2011,Sweep
Sciomyzidae,Elgiva,Elgiva connexa (Steyskal),1,Kugluktuk,NU,SA,W,67.77639,-115.30882,Wet,3,3.vii.2011,Sweep
Sciomyzidae,Pteromicra,Pteromicra ?glabricula,2,Kugluktuk,NU,SA,W,67.77639,-115.30882,Wet,3,3.vii.2011,Sweep
Sepsidae,Themira,Themira maculatarsis Curran,1,Kugluktuk,NU,SA,W,67.77639,-115.30882,Wet,3,3.vii.2011,Sweep
Sepsidae,Themira,Themira sp. A,1,Kugluktuk,NU,SA,W,67.77639,-115.30882,Wet,3,30.vi.2011,Sweep
Sepsidae,Themira,Themira sp. A,1,Kugluktuk,NU,SA,W,67.77639,-115.30882,Wet,3,3.vii.2011,Sweep
Sphaeroceridae,Norrbomia,Norrbomia fumipennis,1,Kugluktuk,NU,SA,W,67.77639,-115.30882,Wet,3,26-29.vi.2011,PanTrap
Sphaeroceridae,Norrbomia,Norrbomia fumipennis,2,Kugluktuk,NU,SA,W,67.77639,-115.30882,Wet,3,3.vii.2011,Sweep
Anthomyzidae,Anthomyza,Anthomyza gilviventris Rohá?ek and Barber,1,Moosonee,ON,NB,E,51.24622,-80.67281,Mesic,1,18-21.vi.2010,MalaiseTrap
Anthomyzidae,Anthomyza,Anthomyza oblonga Rohá?ek and Barber,2,Moosonee,ON,NB,E,51.24622,-80.67281,Mesic,1,18-21.vi.2010,MalaiseTrap
Anthomyzidae,Anthomyza,Anthomyza tenuis Rohá?ek and Barber,1,Moosonee,ON,NB,E,51.24622,-80.67281,Mesic,1,18-21.vi.2010,MalaiseTrap
Anthomyzidae,Mumetopia,Mumetopia occipitalis (Melander),1,Moosonee,ON,NB,E,51.24622,-80.67281,Mesic,1,18-21.vi.2010,MalaiseTrap
Anthomyzidae,Mumetopia,Mumetopia occipitalis (Melander),1,Moosonee,ON,NB,E,51.24622,-80.67281,Mesic,1,20-23.vi.2010,PanTrap
Chloropidae,Apallates,Apallates coxendix,1,Moosonee,ON,NB,E,51.24622,-80.67281,Mesic,1,18-21.vi.2010,MalaiseTrap
Chloropidae,Apallates,Apallates coxendix,5,Moosonee,ON,NB,E,51.24622,-80.67281,Mesic,1,20-23.vi.2010,PanTrap
Chloropidae,Apallates,Apallates coxendix,4,Moosonee,ON,NB,E,51.24622,-80.67281,Mesic,1,23-26.vi.2010,PanTrap
Chloropidae,Apallates,Apallates sp. A,3,Moosonee,ON,NB,E,51.24622,-80.67281,Mesic,1,20-23.vi.2010,PanTrap
Chloropidae,Apallates,Apallates sp. A,3,Moosonee,ON,NB,E,51.24622,-80.67281,Mesic,1,23-26.vi.2010,PanTrap
Chloropidae,Chlorops,Chlorops sp. B,1,Moosonee,ON,NB,E,51.24622,-80.67281,Mesic,1,18-21.vi.2010,MalaiseTrap
Chloropidae,Conioscinella ,Conioscinella zetterstedti,2,Moosonee,ON,NB,E,51.24622,-80.67281,Mesic,1,17-20.vi.2010,PanTrap
Chloropidae,Conioscinella ,Conioscinella zetterstedti,6,Moosonee,ON,NB,E,51.24622,-80.67281,Mesic,1,20-23.vi.2010,PanTrap
Chloropidae,Elachiptera,Elachiptera costata,4,Moosonee,ON,NB,E,51.24622,-80.67281,Mesic,1,18-21.vi.2010,MalaiseTrap
Chloropidae,Elachiptera,Elachiptera costata,7,Moosonee,ON,NB,E,51.24622,-80.67281,Mesic,1,17-20.vi.2010,PanTrap
Chloropidae,Elachiptera,Elachiptera costata,9,Moosonee,ON,NB,E,51.24622,-80.67281,Mesic,1,20-23.vi.2010,PanTrap
Chloropidae,Elachiptera,Elachiptera costata,5,Moosonee,ON,NB,E,51.24622,-80.67281,Mesic,1,23-26.vi.2010,PanTrap
Chloropidae,Elachiptera,Elachiptera decipens,2,Moosonee,ON,NB,E,51.24622,-80.67281,Mesic,1,18-21.vi.2010,MalaiseTrap
Chloropidae,Gaurax,Gaurax n. sp. group B,1,Moosonee,ON,NB,E,51.24622,-80.67281,Mesic,1,18-21.vi.2010,MalaiseTrap
Chloropidae,Olcella,Olcella trigamma,2,Moosonee,ON,NB,E,51.24622,-80.67281,Mesic,1,18-21.vi.2010,MalaiseTrap
Chloropidae,Oscinella,Oscinella sp. D,3,Moosonee,ON,NB,E,51.24622,-80.67281,Mesic,1,17-20.vi.2010,PanTrap
Chloropidae,Oscinella,Oscinella sp. D,1,Moosonee,ON,NB,E,51.24622,-80.67281,Mesic,1,20-23.vi.2010,PanTrap
Chloropidae,Oscinella,Oscinella sp. D,2,Moosonee,ON,NB,E,51.24622,-80.67281,Mesic,1,23-26.vi.2010,PanTrap
Chloropidae,Siphonella,Siphonella oscinina (Fallén),6,Moosonee,ON,NB,E,51.24622,-80.67281,Mesic,1,17-20.vi.2010,PanTrap
Chloropidae,Thaumatomyia,Thaumatomyia glabra,1,Moosonee,ON,NB,E,51.24622,-80.67281,Mesic,1,18-21.vi.2010,MalaiseTrap
Chloropidae,Tricimba,Tricimba cincta,2,Moosonee,ON,NB,E,51.24622,-80.67281,Mesic,1,18-21.vi.2010,MalaiseTrap
Chloropidae,Tricimba,Tricimba linealla,1,Moosonee,ON,NB,E,51.24622,-80.67281,Mesic,1,18-21.vi.2010,MalaiseTrap
Chloropidae,Tricimba,Tricimba melamonolica,1,Moosonee,ON,NB,E,51.24622,-80.67281,Mesic,1,18-21.vi.2010,MalaiseTrap
Chloropidae,Tricimba,Tricimba trisulcata,1,Moosonee,ON,NB,E,51.24622,-80.67281,Mesic,1,18-21.vi.2010,MalaiseTrap
Drosophilidae,Drosophila,Drosophila obscura species group sp. B,3,Moosonee,ON,NB,E,51.24622,-80.67281,Mesic,1,18-21.vi.2010,MalaiseTrap
Drosophilidae,Drosophila,Drosophila rellima Wheeler,3,Moosonee,ON,NB,E,51.24622,-80.67281,Mesic,1,18-21.vi.2010,MalaiseTrap
Drosophilidae,Drosophila,Drosophila rellima Wheeler,1,Moosonee,ON,NB,E,51.24622,-80.67281,Mesic,1,17-20.vi.2010,PanTrap
Drosophilidae,Drosophila,Drosophila rellima Wheeler,1,Moosonee,ON,NB,E,51.24622,-80.67281,Mesic,1,20-23.vi.2010,PanTrap
Drosophilidae,Drosophila,Drosophila rellima Wheeler,2,Moosonee,ON,NB,E,51.24622,-80.67281,Mesic,1,23-26.vi.2010,PanTrap
Drosophilidae,Drosophila,Drosophila sp. C,1,Moosonee,ON,NB,E,51.24622,-80.67281,Mesic,1,18-21.vi.2010,MalaiseTrap
Drosophilidae,Scaptomyza,Scaptomyza (Parascaptomyza) ?adusta,18,Moosonee,ON,NB,E,51.24622,-80.67281,Mesic,1,18-21.vi.2010,MalaiseTrap
Drosophilidae,Scaptomyza,Scaptomyza (Parascaptomyza) ?adusta,4,Moosonee,ON,NB,E,51.24622,-80.67281,Mesic,1,17-20.vi.2010,PanTrap
Drosophilidae,Scaptomyza,Scaptomyza (Parascaptomyza) ?adusta,2,Moosonee,ON,NB,E,51.24622,-80.67281,Mesic,1,20-23.vi.2010,PanTrap
Drosophilidae,Scaptomyza,Scaptomyza (Parascaptomyza) ?adusta,1,Moosonee,ON,NB,E,51.24622,-80.67281,Mesic,1,23-26.vi.2010,PanTrap
Drosophilidae,Scaptomyza,Scaptomyza (Scaptomyza) sp. D,1,Moosonee,ON,NB,E,51.24622,-80.67281,Mesic,1,18-21.vi.2010,MalaiseTrap
Ephydridae,Discocerina ,Discocerina obscurella,6,Moosonee,ON,NB,E,51.24622,-80.67281,Mesic,1,18-21.vi.2010,MalaiseTrap
Ephydridae,Ditrichophora,Ditrichophora ?valens,1,Moosonee,ON,NB,E,51.24622,-80.67281,Mesic,1,18-21.vi.2010,MalaiseTrap
Ephydridae,Gymnoclasiopa,Gymnoclasiopa subnubila,1,Moosonee,ON,NB,E,51.24622,-80.67281,Mesic,1,18-21.vi.2010,MalaiseTrap
Ephydridae,Gymnoclasiopa,Gymnoclasiopa tacoma (Cresson),2,Moosonee,ON,NB,E,51.24622,-80.67281,Mesic,1,18-21.vi.2010,MalaiseTrap
Ephydridae,Hydrellia,Hydrellia sp. B,1,Moosonee,ON,NB,E,51.24622,-80.67281,Mesic,1,23-26.vi.2010,PanTrap
Heleomyzidae,Suillia,Suillia barberi,1,Moosonee,ON,NB,E,51.24622,-80.67281,Mesic,1,23-26.vi.2010,PanTrap
Lauxaniidae,Lauxania ,Lauxania shewelli,8,Moosonee,ON,NB,E,51.24622,-80.67281,Mesic,1,18-21.vi.2010,MalaiseTrap
Lauxaniidae,Lauxania ,Lauxania shewelli,1,Moosonee,ON,NB,E,51.24622,-80.67281,Mesic,1,17-20.vi.2010,PanTrap
Lauxaniidae,Lauxania ,Lauxania shewelli,1,Moosonee,ON,NB,E,51.24622,-80.67281,Mesic,1,20-23.vi.2010,PanTrap
Lauxaniidae,Lauxania ,Lauxania shewelli,1,Moosonee,ON,NB,E,51.24622,-80.67281,Mesic,1,23-26.vi.2010,PanTrap
Lauxaniidae,Melanomyza,Melanomyza lyraformis (Shewell),1,Moosonee,ON,NB,E,51.24622,-80.67281,Mesic,1,18-21.vi.2010,MalaiseTrap
Lauxaniidae,Poecilolycia,Poecilolycia annulata,8,Moosonee,ON,NB,E,51.24622,-80.67281,Mesic,1,18-21.vi.2010,MalaiseTrap
Lauxaniidae,Poecilolycia,Poecilolycia browni (Curran),3,Moosonee,ON,NB,E,51.24622,-80.67281,Mesic,1,18-21.vi.2010,MalaiseTrap
Lauxaniidae,Poecilolycia,Poecilolycia currani (Shewell),1,Moosonee,ON,NB,E,51.24622,-80.67281,Mesic,1,18-21.vi.2010,MalaiseTrap
Lauxaniidae,Poecilolycia,Poecilolycia sp. A,13,Moosonee,ON,NB,E,51.24622,-80.67281,Mesic,1,18-21.vi.2010,MalaiseTrap
Lauxaniidae,Poecilolycia,Poecilolycia spatulata,21,Moosonee,ON,NB,E,51.24622,-80.67281,Mesic,1,18-21.vi.2010,MalaiseTrap
Lauxaniidae,Sapromyza,Sapromyza hyacinata (Meigen),1,Moosonee,ON,NB,E,51.24622,-80.67281,Mesic,1,18-21.vi.2010,MalaiseTrap
Micropezidae,Cnodocophora,Cnodocophora nasoni (Cresson),7,Moosonee,ON,NB,E,51.24622,-80.67281,Mesic,1,18-21.vi.2010,MalaiseTrap
Micropezidae,Cnodocophora,Cnodocophora nasoni (Cresson),1,Moosonee,ON,NB,E,51.24622,-80.67281,Mesic,1,20-23.vi.2010,PanTrap
Micropezidae,Cnodocophora,Cnodocophora nasoni (Cresson),1,Moosonee,ON,NB,E,51.24622,-80.67281,Mesic,1,23-26.vi.2010,PanTrap
Micropezidae,Compsobata,Compsobata (Compsobata) univitta (Walker),5,Moosonee,ON,NB,E,51.24622,-80.67281,Mesic,1,18-21.vi.2010,MalaiseTrap
Periscelididae,Periscelis,Periscelis sp. A,1,Moosonee,ON,NB,E,51.24622,-80.67281,Mesic,1,18-21.vi.2010,MalaiseTrap
Sciomyzidae,Tetanocera,Tetanocera phyllophora Melander,5,Moosonee,ON,NB,E,51.24622,-80.67281,Mesic,1,18-21.vi.2010,MalaiseTrap
Sciomyzidae,Tetanocera,Tetanocera phyllophora Melander,2,Moosonee,ON,NB,E,51.24622,-80.67281,Mesic,1,20-23.vi.2010,PanTrap
Sciomyzidae,Tetanocera,Tetanocera phyllophora Melander,2,Moosonee,ON,NB,E,51.24622,-80.67281,Mesic,1,23-26.vi.2010,PanTrap
Sciomyzidae,Tetanocera,Tetanocera sp. C,1,Moosonee,ON,NB,E,51.24622,-80.67281,Mesic,1,18-21.vi.2010,MalaiseTrap
Sepsidae,Enicita,Enicita annulipes (Meigen),1,Moosonee,ON,NB,E,51.24622,-80.67281,Mesic,1,18-21.vi.2010,MalaiseTrap
Sphaeroceridae,Copromyza,Copromyza sp. A,1,Moosonee,ON,NB,E,51.24622,-80.67281,Mesic,1,18-21.vi.2010,MalaiseTrap
Sphaeroceridae,Leptocera,Leptocera erythrocera,1,Moosonee,ON,NB,E,51.24622,-80.67281,Mesic,1,18-21.vi.2010,MalaiseTrap
Sphaeroceridae,Leptocera,Leptocera sp. A,1,Moosonee,ON,NB,E,51.24622,-80.67281,Mesic,1,18-21.vi.2010,MalaiseTrap
Sphaeroceridae,Pseudocollinella,Pseudocollinella sp. B,1,Moosonee,ON,NB,E,51.24622,-80.67281,Mesic,1,18-21.vi.2010,MalaiseTrap
Sphaeroceridae,Rachispoda,Rachispoda hoplites,1,Moosonee,ON,NB,E,51.24622,-80.67281,Mesic,1,18-21.vi.2010,MalaiseTrap
Sphaeroceridae,Spelobia,Spelobia sp. E,1,Moosonee,ON,NB,E,51.24622,-80.67281,Mesic,1,18-21.vi.2010,MalaiseTrap
Sphaeroceridae,Spelobia,Spelobia sp. H,1,Moosonee,ON,NB,E,51.24622,-80.67281,Mesic,1,23-26.vi.2010,PanTrap
Sphaeroceridae,Spelobia,Spelobia sp. K,1,Moosonee,ON,NB,E,51.24622,-80.67281,Mesic,1,18-21.vi.2010,MalaiseTrap
Ulidiidae,Seioptera,Seioptera vibrans (Linnaeus),7,Moosonee,ON,NB,E,51.24622,-80.67281,Mesic,1,18-21.vi.2010,MalaiseTrap
Anthomyzidae,Anthomyza,Anthomyza oblonga Rohá?ek and Barber,1,Moosonee,ON,NB,E,51.24466,-80.67767,Mesic,2,21-24.vi.2010,MalaiseTrap
Chloropidae,Aphanotrigonum ,Aphanotrigonum scabrum,1,Moosonee,ON,NB,E,51.24466,-80.67767,Mesic,2,17-20.vi.2010,PanTrap
Chloropidae,Aphanotrigonum ,Aphanotrigonum scabrum,4,Moosonee,ON,NB,E,51.24466,-80.67767,Mesic,2,23-26.vi.2010,PanTrap
Chloropidae,Aphanotrigonum ,Aphanotrigonum trilineatum,2,Moosonee,ON,NB,E,51.24466,-80.67767,Mesic,2,17-20.vi.2010,PanTrap
Chloropidae,Aphanotrigonum ,Aphanotrigonum trilineatum,4,Moosonee,ON,NB,E,51.24466,-80.67767,Mesic,2,23-26.vi.2010,PanTrap
Chloropidae,Calamoncosis,Calamoncosis brooksi,3,Moosonee,ON,NB,E,51.24466,-80.67767,Mesic,2,21-24.vi.2010,MalaiseTrap
Chloropidae,Chlorops,Chlorops sp. A,1,Moosonee,ON,NB,E,51.24466,-80.67767,Mesic,2,21-24.vi.2010,MalaiseTrap
Chloropidae,Chlorops,Chlorops sp. B,3,Moosonee,ON,NB,E,51.24466,-80.67767,Mesic,2,21-24.vi.2010,MalaiseTrap
Chloropidae,Chlorops,Chlorops sp. B,1,Moosonee,ON,NB,E,51.24466,-80.67767,Mesic,2,26.vi.2010,Sweep
Chloropidae,Conioscinella ,Conioscinella sp. A,1,Moosonee,ON,NB,E,51.24466,-80.67767,Mesic,2,21-24.vi.2010,MalaiseTrap
Chloropidae,Conioscinella ,Conioscinella zetterstedti,4,Moosonee,ON,NB,E,51.24466,-80.67767,Mesic,2,17-20.vi.2010,PanTrap
Chloropidae,Conioscinella ,Conioscinella zetterstedti,4,Moosonee,ON,NB,E,51.24466,-80.67767,Mesic,2,23-26.vi.2010,PanTrap
Chloropidae,Dasyopa,Dasyopa sp. A,3,Moosonee,ON,NB,E,51.24466,-80.67767,Mesic,2,21-24.vi.2010,MalaiseTrap
Chloropidae,Elachiptera,Elachipter sp. A,1,Moosonee,ON,NB,E,51.24466,-80.67767,Mesic,2,23-26.vi.2010,PanTrap
Chloropidae,Elachiptera,Elachiptera costata,5,Moosonee,ON,NB,E,51.24466,-80.67767,Mesic,2,21-24.vi.2010,MalaiseTrap
Chloropidae,Elachiptera,Elachiptera costata,8,Moosonee,ON,NB,E,51.24466,-80.67767,Mesic,2,17-20.vi.2010,PanTrap
Chloropidae,Elachiptera,Elachiptera costata,20,Moosonee,ON,NB,E,51.24466,-80.67767,Mesic,2,23-26.vi.2010,PanTrap
Chloropidae,Elachiptera,Elachiptera costata,1,Moosonee,ON,NB,E,51.24466,-80.67767,Mesic,2,26.vi.2010,Sweep
Chloropidae,Elachiptera,Elachiptera decipens,3,Moosonee,ON,NB,E,51.24466,-80.67767,Mesic,2,21-24.vi.2010,MalaiseTrap
Chloropidae,Elachiptera,Elachiptera decipens,1,Moosonee,ON,NB,E,51.24466,-80.67767,Mesic,2,23-26.vi.2010,PanTrap
Chloropidae,Gaurax,Gaurax n. sp. group C,1,Moosonee,ON,NB,E,51.24466,-80.67767,Mesic,2,21-24.vi.2010,MalaiseTrap
Chloropidae,Incertella,Incertella incerta,2,Moosonee,ON,NB,E,51.24466,-80.67767,Mesic,2,26.vi.2010,Sweep
Chloropidae,Olcella,Olcella trigamma,16,Moosonee,ON,NB,E,51.24466,-80.67767,Mesic,2,21-24.vi.2010,MalaiseTrap
Chloropidae,Olcella,Olcella trigamma,1,Moosonee,ON,NB,E,51.24466,-80.67767,Mesic,2,23-26.vi.2010,PanTrap
Chloropidae,Oscinella,Oscinella sp. A,1,Moosonee,ON,NB,E,51.24466,-80.67767,Mesic,2,23-26.vi.2010,PanTrap
Chloropidae,Oscinella,Oscinella sp. D,2,Moosonee,ON,NB,E,51.24466,-80.67767,Mesic,2,17-20.vi.2010,PanTrap
Chloropidae,Pseudopachyceata,Pseudopachyceata approximatonervis,5,Moosonee,ON,NB,E,51.24466,-80.67767,Mesic,2,21-24.vi.2010,MalaiseTrap
Chloropidae,Pseudopachyceata,Pseudopachyceata ruficeps,1,Moosonee,ON,NB,E,51.24466,-80.67767,Mesic,2,21-24.vi.2010,MalaiseTrap
Chloropidae,Rhopalopterum,Rhopalopterum soror,2,Moosonee,ON,NB,E,51.24466,-80.67767,Mesic,2,21-24.vi.2010,MalaiseTrap
Chloropidae,Rhopalopterum,Rhopalopterum soror,2,Moosonee,ON,NB,E,51.24466,-80.67767,Mesic,2,23-26.vi.2010,PanTrap
Chloropidae,Rhopalopterum,Rhopalopterum sp. D,1,Moosonee,ON,NB,E,51.24466,-80.67767,Mesic,2,26.vi.2010,Sweep
Chloropidae,Siphonella,Siphonella oscinina (Fallén),17,Moosonee,ON,NB,E,51.24466,-80.67767,Mesic,2,21-24.vi.2010,MalaiseTrap
Chloropidae,Thaumatomyia,Thaumatomyia grata (Loew),1,Moosonee,ON,NB,E,51.24466,-80.67767,Mesic,2,21-24.vi.2010,MalaiseTrap
Chloropidae,Tricimba,Tricimba cincta,1,Moosonee,ON,NB,E,51.24466,-80.67767,Mesic,2,21-24.vi.2010,MalaiseTrap
Chloropidae,Tricimba,Tricimba linealla,1,Moosonee,ON,NB,E,51.24466,-80.67767,Mesic,2,23-26.vi.2010,PanTrap
Chloropidae,Tricimba,Tricimba melamonolica,2,Moosonee,ON,NB,E,51.24466,-80.67767,Mesic,2,21-24.vi.2010,MalaiseTrap
Clusiidae,Clusiodes,Clusiodes clandestinus,1,Moosonee,ON,NB,E,51.24466,-80.67767,Mesic,2,21-24.vi.2010,MalaiseTrap
Drosophilidae,Drosophila,Drosophila melanogaster,1,Moosonee,ON,NB,E,51.24466,-80.67767,Mesic,2,23-26.vi.2010,PanTrap
Drosophilidae,Drosophila,Drosophila obscura species group sp. B,1,Moosonee,ON,NB,E,51.24466,-80.67767,Mesic,2,21-24.vi.2010,MalaiseTrap
Drosophilidae,Scaptomyza,Scaptomyza (Parascaptomyza) ?adusta,13,Moosonee,ON,NB,E,51.24466,-80.67767,Mesic,2,21-24.vi.2010,MalaiseTrap
Drosophilidae,Scaptomyza,Scaptomyza (Parascaptomyza) ?adusta,1,Moosonee,ON,NB,E,51.24466,-80.67767,Mesic,2,23-26.vi.2010,PanTrap
Dryomyzidae,Dryomyza,Dryomyza sp. A,1,Moosonee,ON,NB,E,51.24466,-80.67767,Mesic,2,23-26.vi.2010,PanTrap
Ephydridae,Allotrichoma,Allotrichoma bezzü,1,Moosonee,ON,NB,E,51.24466,-80.67767,Mesic,2,21-24.vi.2010,MalaiseTrap
Ephydridae,Discocerina ,Discocerina obscurella,33,Moosonee,ON,NB,E,51.24466,-80.67767,Mesic,2,21-24.vi.2010,MalaiseTrap
Ephydridae,Ditrichophora,Ditrichophora ?valens,2,Moosonee,ON,NB,E,51.24466,-80.67767,Mesic,2,21-24.vi.2010,MalaiseTrap
Ephydridae,Ditrichophora,Ditrichophora exigua (Cresson),1,Moosonee,ON,NB,E,51.24466,-80.67767,Mesic,2,21-24.vi.2010,MalaiseTrap
Ephydridae,Gymnoclasiopa,Gymnoclasiopa bohemanni,1,Moosonee,ON,NB,E,51.24466,-80.67767,Mesic,2,21-24.vi.2010,MalaiseTrap
Ephydridae,Gymnoclasiopa,Gymnoclasiopa subnubila,2,Moosonee,ON,NB,E,51.24466,-80.67767,Mesic,2,21-24.vi.2010,MalaiseTrap
Ephydridae,Gymnoclasiopa,Gymnoclasiopa tacoma (Cresson),4,Moosonee,ON,NB,E,51.24466,-80.67767,Mesic,2,21-24.vi.2010,MalaiseTrap
Heleomyzidae,Suillia,Suillia hemorum,1,Moosonee,ON,NB,E,51.24466,-80.67767,Mesic,2,23-26.vi.2010,PanTrap
Lauxaniidae,Lauxania ,Lauxania shewelli,18,Moosonee,ON,NB,E,51.24466,-80.67767,Mesic,2,21-24.vi.2010,MalaiseTrap
Lauxaniidae,Lauxania ,Lauxania shewelli,3,Moosonee,ON,NB,E,51.24466,-80.67767,Mesic,2,17-20.vi.2010,PanTrap
Lauxaniidae,Lauxania ,Lauxania shewelli,15,Moosonee,ON,NB,E,51.24466,-80.67767,Mesic,2,23-26.vi.2010,PanTrap
Lauxaniidae,Melanomyza,Melanomyza lyraformis (Shewell),1,Moosonee,ON,NB,E,51.24466,-80.67767,Mesic,2,21-24.vi.2010,MalaiseTrap
Lauxaniidae,Poecilolycia,Poecilolycia pictiventris,1,Moosonee,ON,NB,E,51.24466,-80.67767,Mesic,2,23-26.vi.2010,PanTrap
Lauxaniidae,Poecilolycia,Poecilolycia sp. A,1,Moosonee,ON,NB,E,51.24466,-80.67767,Mesic,2,21-24.vi.2010,MalaiseTrap
Lauxaniidae,Poecilolycia,Poecilolycia spatulata,7,Moosonee,ON,NB,E,51.24466,-80.67767,Mesic,2,21-24.vi.2010,MalaiseTrap
Micropezidae,Cnodocophora,Cnodocophora nasoni (Cresson),4,Moosonee,ON,NB,E,51.24466,-80.67767,Mesic,2,21-24.vi.2010,MalaiseTrap
Micropezidae,Compsobata,Compsobata (Compsobata) univitta (Walker),3,Moosonee,ON,NB,E,51.24466,-80.67767,Mesic,2,21-24.vi.2010,MalaiseTrap
Milichiidae,Neophyllomyza,Neophyllomyza quadricornis,3,Moosonee,ON,NB,E,51.24466,-80.67767,Mesic,2,21-24.vi.2010,MalaiseTrap
Sciomyzidae,Pteromicra,Pteromicra steyskali Foote,2,Moosonee,ON,NB,E,51.24466,-80.67767,Mesic,2,17-20.vi.2010,PanTrap
Sciomyzidae,Pteromicra,Pteromicra steyskali Foote,3,Moosonee,ON,NB,E,51.24466,-80.67767,Mesic,2,23-26.vi.2010,PanTrap
Sciomyzidae,Tetanocera,Tetanocera ?silvatica ,4,Moosonee,ON,NB,E,51.24466,-80.67767,Mesic,2,21-24.vi.2010,MalaiseTrap
Sciomyzidae,Tetanocera,Tetanocera phyllophora Melander,2,Moosonee,ON,NB,E,51.24466,-80.67767,Mesic,2,21-24.vi.2010,MalaiseTrap
Sciomyzidae,Tetanocera,Tetanocera phyllophora Melander,1,Moosonee,ON,NB,E,51.24466,-80.67767,Mesic,2,17-20.vi.2010,PanTrap
Sciomyzidae,Tetanocera,Tetanocera phyllophora Melander,20,Moosonee,ON,NB,E,51.24466,-80.67767,Mesic,2,23-26.vi.2010,PanTrap
Sepsidae,Nemapoda,Nemapoda nitidula (Fallén),2,Moosonee,ON,NB,E,51.24466,-80.67767,Mesic,2,21-24.vi.2010,MalaiseTrap
Sphaeroceridae,Copromyza,Copromyza sp. A,1,Moosonee,ON,NB,E,51.24466,-80.67767,Mesic,2,17-20.vi.2010,PanTrap
Sphaeroceridae,Leptocera,Leptocera erythrocera,2,Moosonee,ON,NB,E,51.24466,-80.67767,Mesic,2,21-24.vi.2010,MalaiseTrap
Sphaeroceridae,Leptocera,Leptocera erythrocera,1,Moosonee,ON,NB,E,51.24466,-80.67767,Mesic,2,17-20.vi.2010,PanTrap
Sphaeroceridae,Leptocera,Leptocera erythrocera,2,Moosonee,ON,NB,E,51.24466,-80.67767,Mesic,2,23-26.vi.2010,PanTrap
Sphaeroceridae,Leptocera,Leptocera sp. A,1,Moosonee,ON,NB,E,51.24466,-80.67767,Mesic,2,21-24.vi.2010,MalaiseTrap
Sphaeroceridae,Pseudocollinella,Pseudocollinella sp. B,1,Moosonee,ON,NB,E,51.24466,-80.67767,Mesic,2,21-24.vi.2010,MalaiseTrap
Tephritidae,Tephritis,Tephritis webbii (Doane),1,Moosonee,ON,NB,E,51.24466,-80.67767,Mesic,2,21-24.vi.2010,MalaiseTrap
Ulidiidae,Seioptera,Seioptera vibrans (Linnaeus),25,Moosonee,ON,NB,E,51.24466,-80.67767,Mesic,2,21-24.vi.2010,MalaiseTrap
Anthomyzidae,Anthomyza,Anthomyza pengellyi Rohá?ek and Barber,1,Moosonee,ON,NB,E,51.2469,-80.68102,Mesic,3,17-20.vi.2010,PanTrap
Anthomyzidae,Anthomyza,Anthomyza pengellyi Rohá?ek and Barber,1,Moosonee,ON,NB,E,51.2469,-80.68102,Mesic,3,20-23.vi.2010,PanTrap
Anthomyzidae,Anthomyza,Anthomyza shewelli Rohá?ek and Barber,1,Moosonee,ON,NB,E,51.2469,-80.68102,Mesic,3,23-26.vi.2010,MalaiseTrap
Chloropidae,Aphanotrigonum ,Aphanotrigonum scabrum,1,Moosonee,ON,NB,E,51.2469,-80.68102,Mesic,3,17-20.vi.2010,PanTrap
Chloropidae,Aphanotrigonum ,Aphanotrigonum scabrum,6,Moosonee,ON,NB,E,51.2469,-80.68102,Mesic,3,20-23.vi.2010,PanTrap
Chloropidae,Aphanotrigonum ,Aphanotrigonum scabrum,6,Moosonee,ON,NB,E,51.2469,-80.68102,Mesic,3,23-26.vi.2010,PanTrap
Chloropidae,Chlorops,Chlorops sp. A,1,Moosonee,ON,NB,E,51.2469,-80.68102,Mesic,3,23-26.vi.2010,MalaiseTrap
Chloropidae,Conioscinella ,Conioscinella zetterstedti,3,Moosonee,ON,NB,E,51.2469,-80.68102,Mesic,3,17-20.vi.2010,PanTrap
Chloropidae,Conioscinella ,Conioscinella zetterstedti,6,Moosonee,ON,NB,E,51.2469,-80.68102,Mesic,3,20-23.vi.2010,PanTrap
Chloropidae,Conioscinella ,Conioscinella zetterstedti,6,Moosonee,ON,NB,E,51.2469,-80.68102,Mesic,3,23-26.vi.2010,PanTrap
Chloropidae,Elachiptera,Elachipter sp. A,1,Moosonee,ON,NB,E,51.2469,-80.68102,Mesic,3,17-20.vi.2010,PanTrap
Chloropidae,Elachiptera,Elachiptera costata,4,Moosonee,ON,NB,E,51.2469,-80.68102,Mesic,3,17-20.vi.2010,PanTrap
Chloropidae,Elachiptera,Elachiptera costata,5,Moosonee,ON,NB,E,51.2469,-80.68102,Mesic,3,20-23.vi.2010,PanTrap
Chloropidae,Elachiptera,Elachiptera costata,24,Moosonee,ON,NB,E,51.2469,-80.68102,Mesic,3,23-26.vi.2010,PanTrap
Chloropidae,Elachiptera,Elachiptera decipens,2,Moosonee,ON,NB,E,51.2469,-80.68102,Mesic,3,23-26.vi.2010,MalaiseTrap
Chloropidae,Oscinella,Oscinella sp. A,1,Moosonee,ON,NB,E,51.2469,-80.68102,Mesic,3,17-20.vi.2010,PanTrap
Chloropidae,Oscinella,Oscinella sp. A,1,Moosonee,ON,NB,E,51.2469,-80.68102,Mesic,3,23-26.vi.2010,PanTrap
Chloropidae,Oscinella,Oscinella sp. D,1,Moosonee,ON,NB,E,51.2469,-80.68102,Mesic,3,20-23.vi.2010,PanTrap
Chloropidae,Oscinella,Oscinella sp. D,1,Moosonee,ON,NB,E,51.2469,-80.68102,Mesic,3,23-26.vi.2010,PanTrap
Chloropidae,Rhopalopterum,Rhopalopterum soror,2,Moosonee,ON,NB,E,51.2469,-80.68102,Mesic,3,17-20.vi.2010,PanTrap
Chloropidae,Rhopalopterum,Rhopalopterum sp. D,1,Moosonee,ON,NB,E,51.2469,-80.68102,Mesic,3,17-20.vi.2010,PanTrap
Chloropidae,Rhopalopterum,Rhopalopterum umbrosum,4,Moosonee,ON,NB,E,51.2469,-80.68102,Mesic,3,20-23.vi.2010,PanTrap
Chloropidae,Rhopalopterum,Rhopalopterum umbrosum,3,Moosonee,ON,NB,E,51.2469,-80.68102,Mesic,3,23-26.vi.2010,PanTrap
Chloropidae,Siphonella,Siphonella oscinina (Fallén),2,Moosonee,ON,NB,E,51.2469,-80.68102,Mesic,3,23-26.vi.2010,MalaiseTrap
Chloropidae,Tricimba,Tricimba linealla,1,Moosonee,ON,NB,E,51.2469,-80.68102,Mesic,3,17-20.vi.2010,PanTrap
Chloropidae,Tricimba,Tricimba linealla,1,Moosonee,ON,NB,E,51.2469,-80.68102,Mesic,3,20-23.vi.2010,PanTrap
Chloropidae,Tricimba,Tricimba melamonolica,1,Moosonee,ON,NB,E,51.2469,-80.68102,Mesic,3,23-26.vi.2010,MalaiseTrap
Drosophilidae,Drosophila,Drosophila rellima Wheeler,1,Moosonee,ON,NB,E,51.2469,-80.68102,Mesic,3,17-20.vi.2010,PanTrap
Drosophilidae,Drosophila,Drosophila sp. H,1,Moosonee,ON,NB,E,51.2469,-80.68102,Mesic,3,20-23.vi.2010,PanTrap
Drosophilidae,Scaptomyza,Scaptomyza (Hemiscaptomyza) ?trochantera,1,Moosonee,ON,NB,E,51.2469,-80.68102,Mesic,3,20-23.vi.2010,PanTrap
Drosophilidae,Scaptomyza,Scaptomyza (Hemiscaptomyza) sp. A,1,Moosonee,ON,NB,E,51.2469,-80.68102,Mesic,3,23-26.vi.2010,PanTrap
Drosophilidae,Scaptomyza,Scaptomyza (Parascaptomyza) ?adusta,4,Moosonee,ON,NB,E,51.2469,-80.68102,Mesic,3,23-26.vi.2010,MalaiseTrap
Drosophilidae,Scaptomyza,Scaptomyza (Parascaptomyza) ?adusta,1,Moosonee,ON,NB,E,51.2469,-80.68102,Mesic,3,17-20.vi.2010,PanTrap
Drosophilidae,Scaptomyza,Scaptomyza (Parascaptomyza) ?adusta,2,Moosonee,ON,NB,E,51.2469,-80.68102,Mesic,3,20-23.vi.2010,PanTrap
Drosophilidae,Scaptomyza,Scaptomyza (Parascaptomyza) ?adusta,3,Moosonee,ON,NB,E,51.2469,-80.68102,Mesic,3,23-26.vi.2010,PanTrap
Ephydridae,Scatella,Scatella sp. A,1,Moosonee,ON,NB,E,51.2469,-80.68102,Mesic,3,23-26.vi.2010,MalaiseTrap
Ephydridae,Scatella,Scatella stagnalis (Fallén),2,Moosonee,ON,NB,E,51.2469,-80.68102,Mesic,3,23-26.vi.2010,MalaiseTrap
Heleomyzidae,Heleomyza,Heleomyza bisetata,1,Moosonee,ON,NB,E,51.2469,-80.68102,Mesic,3,17-20.vi.2010,PanTrap
Heleomyzidae,Heteromyza,Heteromyza oculata ,1,Moosonee,ON,NB,E,51.2469,-80.68102,Mesic,3,23-26.vi.2010,MalaiseTrap
Lauxaniidae,Lauxania ,Lauxania shewelli,1,Moosonee,ON,NB,E,51.2469,-80.68102,Mesic,3,17-20.vi.2010,PanTrap
Lauxaniidae,Lauxania ,Lauxania shewelli,4,Moosonee,ON,NB,E,51.2469,-80.68102,Mesic,3,20-23.vi.2010,PanTrap
Lauxaniidae,Lauxania ,Lauxania shewelli,2,Moosonee,ON,NB,E,51.2469,-80.68102,Mesic,3,23-26.vi.2010,PanTrap
Milichiidae,Neophyllomyza,Neophyllomyza quadricornis,1,Moosonee,ON,NB,E,51.2469,-80.68102,Mesic,3,23-26.vi.2010,MalaiseTrap
Milichiidae,Paramyia,Paramyia nitens,1,Moosonee,ON,NB,E,51.2469,-80.68102,Mesic,3,23-26.vi.2010,MalaiseTrap
Sciomyzidae,Anticheta,Antichaeta sp. B,2,Moosonee,ON,NB,E,51.2469,-80.68102,Mesic,3,23-26.vi.2010,MalaiseTrap
Sciomyzidae,Sepedon,Sepedon borealis Steyskal,1,Moosonee,ON,NB,E,51.2469,-80.68102,Mesic,3,23-26.vi.2010,PanTrap
Sciomyzidae,Tetanocera,Tetanocera ?silvatica ,1,Moosonee,ON,NB,E,51.2469,-80.68102,Mesic,3,23-26.vi.2010,MalaiseTrap
Sciomyzidae,Tetanocera,Tetanocera fuscinervis Zetterstedt,1,Moosonee,ON,NB,E,51.2469,-80.68102,Mesic,3,23-26.vi.2010,MalaiseTrap
Sciomyzidae,Tetanocera,Tetanocera phyllophora Melander,1,Moosonee,ON,NB,E,51.2469,-80.68102,Mesic,3,17-20.vi.2010,PanTrap
Sciomyzidae,Tetanocera,Tetanocera phyllophora Melander,5,Moosonee,ON,NB,E,51.2469,-80.68102,Mesic,3,20-23.vi.2010,PanTrap
Sciomyzidae,Tetanocera,Tetanocera phyllophora Melander,2,Moosonee,ON,NB,E,51.2469,-80.68102,Mesic,3,23-26.vi.2010,PanTrap
Sepsidae,Nemapoda,Nemapoda nitidula (Fallén),1,Moosonee,ON,NB,E,51.2469,-80.68102,Mesic,3,23-26.vi.2010,MalaiseTrap
Sphaeroceridae,Copromyza,Copromyza sp. A,1,Moosonee,ON,NB,E,51.2469,-80.68102,Mesic,3,23-26.vi.2010,MalaiseTrap
Sphaeroceridae,Copromyza,Copromyza sp. A,1,Moosonee,ON,NB,E,51.2469,-80.68102,Mesic,3,20-23.vi.2010,PanTrap
Sphaeroceridae,Leptocera,Leptocera erythrocera,9,Moosonee,ON,NB,E,51.2469,-80.68102,Mesic,3,23-26.vi.2010,MalaiseTrap
Sphaeroceridae,Leptocera,Leptocera erythrocera,1,Moosonee,ON,NB,E,51.2469,-80.68102,Mesic,3,17-20.vi.2010,PanTrap
Sphaeroceridae,Leptocera,Leptocera erythrocera,2,Moosonee,ON,NB,E,51.2469,-80.68102,Mesic,3,23-26.vi.2010,PanTrap
Sphaeroceridae,Pseudocollinella,Pseudocollinella sp. A,1,Moosonee,ON,NB,E,51.2469,-80.68102,Mesic,3,23-26.vi.2010,MalaiseTrap
Sphaeroceridae,Rachispoda,Rachispoda lutosa,2,Moosonee,ON,NB,E,51.2469,-80.68102,Mesic,3,23-26.vi.2010,MalaiseTrap
Sphaeroceridae,Rachispoda,Rachispoda sp. B,1,Moosonee,ON,NB,E,51.2469,-80.68102,Mesic,3,23-26.vi.2010,MalaiseTrap
Anthomyzidae,Anthomyza,Anthomyza shewelli Rohá?ek and Barber,1,Moosonee,ON,NB,E,51.28034,-80.64252,Wet,1,15-18.vi.2010,MalaiseTrap
Chloropidae,Aphanotrigonum ,Aphanotrigonum trilineatum,5,Moosonee,ON,NB,E,51.28034,-80.64252,Wet,1,15-18.vi.2010,MalaiseTrap
Chloropidae,Aphanotrigonum ,Aphanotrigonum trilineatum,46,Moosonee,ON,NB,E,51.28034,-80.64252,Wet,1,15-19.vi.2010,PanTrap
Chloropidae,Aphanotrigonum ,Aphanotrigonum trilineatum,5,Moosonee,ON,NB,E,51.28034,-80.64252,Wet,1,23-25.vi.2010,PanTrap
Chloropidae,Chlorops,Chlorops sp. B,2,Moosonee,ON,NB,E,51.28034,-80.64252,Wet,1,15-18.vi.2010,MalaiseTrap
Chloropidae,Conioscinella ,Conioscinella sp. A,1,Moosonee,ON,NB,E,51.28034,-80.64252,Wet,1,15-18.vi.2010,MalaiseTrap
Chloropidae,Conioscinella ,Conioscinella sp. C,2,Moosonee,ON,NB,E,51.28034,-80.64252,Wet,1,15-18.vi.2010,MalaiseTrap
Chloropidae,Elachiptera,Elachipter sp. A,6,Moosonee,ON,NB,E,51.28034,-80.64252,Wet,1,15-19.vi.2010,PanTrap
Chloropidae,Elachiptera,Elachipter sp. A,3,Moosonee,ON,NB,E,51.28034,-80.64252,Wet,1,23-25.vi.2010,PanTrap
Chloropidae,Elachiptera,Elachiptera costata,4,Moosonee,ON,NB,E,51.28034,-80.64252,Wet,1,15-18.vi.2010,MalaiseTrap
Chloropidae,Elachiptera,Elachiptera costata,1,Moosonee,ON,NB,E,51.28034,-80.64252,Wet,1,15-19.vi.2010,PanTrap
Chloropidae,Elachiptera,Elachiptera decipens,10,Moosonee,ON,NB,E,51.28034,-80.64252,Wet,1,15-18.vi.2010,MalaiseTrap
Chloropidae,Gaurax,Gaurax dubius,1,Moosonee,ON,NB,E,51.28034,-80.64252,Wet,1,15-18.vi.2010,MalaiseTrap
Chloropidae,Gaurax,Gaurax n. sp. group C,1,Moosonee,ON,NB,E,51.28034,-80.64252,Wet,1,15-18.vi.2010,MalaiseTrap
Chloropidae,Gaurax,Gaurax sp. nr. dubius,1,Moosonee,ON,NB,E,51.28034,-80.64252,Wet,1,15-18.vi.2010,MalaiseTrap
Chloropidae,Lasiosina,Lasiosina canadensis,1,Moosonee,ON,NB,E,51.28034,-80.64252,Wet,1,15-19.vi.2010,PanTrap
Chloropidae,Lasiosina,Lasiosina canadensis,1,Moosonee,ON,NB,E,51.28034,-80.64252,Wet,1,23-25.vi.2010,PanTrap
Chloropidae,Oscinella,Oscinella sp. D,1,Moosonee,ON,NB,E,51.28034,-80.64252,Wet,1,15-18.vi.2010,MalaiseTrap
Chloropidae,Oscinella,Oscinella sp. E,1,Moosonee,ON,NB,E,51.28034,-80.64252,Wet,1,15-19.vi.2010,PanTrap
Chloropidae,Oscinella,Oscinella sp. F,2,Moosonee,ON,NB,E,51.28034,-80.64252,Wet,1,15-18.vi.2010,MalaiseTrap
Chloropidae,Oscinella,Oscinella sp. F,1,Moosonee,ON,NB,E,51.28034,-80.64252,Wet,1,15-19.vi.2010,PanTrap
Chloropidae,Oscinella,Oscinella sp. F,2,Moosonee,ON,NB,E,51.28034,-80.64252,Wet,1,23-25.vi.2010,PanTrap
Chloropidae,Rhopalopterum,Rhopalopterum soror,2,Moosonee,ON,NB,E,51.28034,-80.64252,Wet,1,15-18.vi.2010,MalaiseTrap
Chloropidae,Rhopalopterum,Rhopalopterum soror,14,Moosonee,ON,NB,E,51.28034,-80.64252,Wet,1,15-19.vi.2010,PanTrap
Chloropidae,Rhopalopterum,Rhopalopterum soror,11,Moosonee,ON,NB,E,51.28034,-80.64252,Wet,1,23-25.vi.2010,PanTrap
Chloropidae,Rhopalopterum,Rhopalopterum sp. B,10,Moosonee,ON,NB,E,51.28034,-80.64252,Wet,1,15-19.vi.2010,PanTrap
Chloropidae,Rhopalopterum,Rhopalopterum sp. B,1,Moosonee,ON,NB,E,51.28034,-80.64252,Wet,1,23-25.vi.2010,PanTrap
Chloropidae,Rhopalopterum,Rhopalopterum sp. C,4,Moosonee,ON,NB,E,51.28034,-80.64252,Wet,1,15-18.vi.2010,MalaiseTrap
Chloropidae,Rhopalopterum,Rhopalopterum sp. C,1,Moosonee,ON,NB,E,51.28034,-80.64252,Wet,1,15-19.vi.2010,PanTrap
Chloropidae,Siphonella,Siphonella oscinina (Fallén),21,Moosonee,ON,NB,E,51.28034,-80.64252,Wet,1,15-18.vi.2010,MalaiseTrap
Chloropidae,Thaumatomyia,Thaumatomyia grata (Loew),17,Moosonee,ON,NB,E,51.28034,-80.64252,Wet,1,15-18.vi.2010,MalaiseTrap
Chloropidae,Tricimba,Tricimba linealla,1,Moosonee,ON,NB,E,51.28034,-80.64252,Wet,1,15-18.vi.2010,MalaiseTrap
Chloropidae,Tricimba,Tricimba melamonolica,1,Moosonee,ON,NB,E,51.28034,-80.64252,Wet,1,15-18.vi.2010,MalaiseTrap
Chloropidae,Tricimba,Tricimba trisulcata,1,Moosonee,ON,NB,E,51.28034,-80.64252,Wet,1,15-18.vi.2010,MalaiseTrap
Drosophilidae,Amiota,Amiota sp. A,1,Moosonee,ON,NB,E,51.28034,-80.64252,Wet,1,15-18.vi.2010,MalaiseTrap
Drosophilidae,Drosophila,Drosophila obscura species group sp. B,1,Moosonee,ON,NB,E,51.28034,-80.64252,Wet,1,15-18.vi.2010,MalaiseTrap
Drosophilidae,Scaptomyza,Scaptomyza (Parascaptomyza) ?adusta,1,Moosonee,ON,NB,E,51.28034,-80.64252,Wet,1,15-18.vi.2010,MalaiseTrap
Ephydridae,Dichaeta ,Dichaeta caudata,1,Moosonee,ON,NB,E,51.28034,-80.64252,Wet,1,15-19.vi.2010,PanTrap
Ephydridae,Discocerina ,Discocerina obscurella,12,Moosonee,ON,NB,E,51.28034,-80.64252,Wet,1,15-18.vi.2010,MalaiseTrap
Ephydridae,Ditrichophora,Ditrichophora ?valens,1,Moosonee,ON,NB,E,51.28034,-80.64252,Wet,1,15-18.vi.2010,MalaiseTrap
Ephydridae,Hyadina,Hyadina binotata (Cresson),1,Moosonee,ON,NB,E,51.28034,-80.64252,Wet,1,15-19.vi.2010,PanTrap
Ephydridae,Hyadina,Hyadina vockerhoti,2,Moosonee,ON,NB,E,51.28034,-80.64252,Wet,1,15-19.vi.2010,PanTrap
Ephydridae,Hydrellia,Hydrellia sp. B,3,Moosonee,ON,NB,E,51.28034,-80.64252,Wet,1,23-25.vi.2010,PanTrap
Ephydridae,Scatella,Scatella sp. B,1,Moosonee,ON,NB,E,51.28034,-80.64252,Wet,1,15-18.vi.2010,MalaiseTrap
Ephydridae,Scatella,Scatella stagnalis (Fallén),1,Moosonee,ON,NB,E,51.28034,-80.64252,Wet,1,15-18.vi.2010,MalaiseTrap
Heleomyzidae,Tephroclamys,Tephroclamys rufiventris,1,Moosonee,ON,NB,E,51.28034,-80.64252,Wet,1,15-18.vi.2010,MalaiseTrap
Micropezidae,Cnodocophora,Cnodocophora nasoni (Cresson),1,Moosonee,ON,NB,E,51.28034,-80.64252,Wet,1,15-18.vi.2010,MalaiseTrap
Micropezidae,Compsobata,Compsobata (Compsobata) univitta (Walker),2,Moosonee,ON,NB,E,51.28034,-80.64252,Wet,1,15-18.vi.2010,MalaiseTrap
Micropezidae,Compsobata,Compsobata (Trylophyrobata) pallipes (Say),1,Moosonee,ON,NB,E,51.28034,-80.64252,Wet,1,15-18.vi.2010,MalaiseTrap
Piophilidae,Parapiophila,Parapiophila atrifrons,1,Moosonee,ON,NB,E,51.28034,-80.64252,Wet,1,15-18.vi.2010,MalaiseTrap
Sciomyzidae,Atrichomelina,Atrichomelina ?pubera (Loew),1,Moosonee,ON,NB,E,51.28034,-80.64252,Wet,1,15-18.vi.2010,MalaiseTrap
Sciomyzidae,Pteromicra,Pteromicra ?pectosa,1,Moosonee,ON,NB,E,51.28034,-80.64252,Wet,1,15-18.vi.2010,MalaiseTrap
Sciomyzidae,0,Sciomyzidae sp. A,2,Moosonee,ON,NB,E,51.28034,-80.64252,Wet,1,23-25.vi.2010,PanTrap
Sciomyzidae,Sepedon,Sepedon borealis Steyskal,1,Moosonee,ON,NB,E,51.28034,-80.64252,Wet,1,15-18.vi.2010,MalaiseTrap
Sciomyzidae,Tetanocera,Tetanocera ?silvatica ,1,Moosonee,ON,NB,E,51.28034,-80.64252,Wet,1,15-18.vi.2010,MalaiseTrap
Sciomyzidae,Tetanocera,Tetanocera sp. A,1,Moosonee,ON,NB,E,51.28034,-80.64252,Wet,1,15-18.vi.2010,MalaiseTrap
Sciomyzidae,Tetanocera,Tetanocera sp. D,1,Moosonee,ON,NB,E,51.28034,-80.64252,Wet,1,15-18.vi.2010,MalaiseTrap
Sepsidae,Enicita,Enicita annulipes (Meigen),15,Moosonee,ON,NB,E,51.28034,-80.64252,Wet,1,15-18.vi.2010,MalaiseTrap
Sphaeroceridae,Dahlimosina ,Dahlimosina dahli,1,Moosonee,ON,NB,E,51.28034,-80.64252,Wet,1,15-18.vi.2010,MalaiseTrap
Sphaeroceridae,Leptocera,Leptocera erythrocera,9,Moosonee,ON,NB,E,51.28034,-80.64252,Wet,1,15-18.vi.2010,MalaiseTrap
Sphaeroceridae,Leptocera,Leptocera erythrocera,3,Moosonee,ON,NB,E,51.28034,-80.64252,Wet,1,15-19.vi.2010,PanTrap
Sphaeroceridae,Pseudocollinella,Pseudocollinella arctopellucida,2,Moosonee,ON,NB,E,51.28034,-80.64252,Wet,1,15-18.vi.2010,MalaiseTrap
Sphaeroceridae,Pseudocollinella,Pseudocollinella arctopellucida,1,Moosonee,ON,NB,E,51.28034,-80.64252,Wet,1,15-19.vi.2010,PanTrap
Sphaeroceridae,Pseudocollinella,Pseudocollinella arctopellucida,1,Moosonee,ON,NB,E,51.28034,-80.64252,Wet,1,23-25.vi.2010,PanTrap
Sphaeroceridae,Rachispoda,Rachispoda sp. A,1,Moosonee,ON,NB,E,51.28034,-80.64252,Wet,1,15-18.vi.2010,MalaiseTrap
Sphaeroceridae,Spelobia,Spelobia sp. B,1,Moosonee,ON,NB,E,51.28034,-80.64252,Wet,1,15-19.vi.2010,PanTrap
Sphaeroceridae,Spelobia,Spelobia sp. H,1,Moosonee,ON,NB,E,51.28034,-80.64252,Wet,1,15-18.vi.2010,MalaiseTrap
Sphaeroceridae,Spelobia,Spelobia sp. K,1,Moosonee,ON,NB,E,51.28034,-80.64252,Wet,1,15-18.vi.2010,MalaiseTrap
Ulidiidae,Chaetopsis,Chaetopsis massyla (Walker),2,Moosonee,ON,NB,E,51.28034,-80.64252,Wet,1,15-18.vi.2010,MalaiseTrap
Ulidiidae,Homalocephala,Homalocephala albitarsis,1,Moosonee,ON,NB,E,51.28034,-80.64252,Wet,1,15-18.vi.2010,MalaiseTrap
Anthomyzidae,Anthomyza,Anthomyza equiseti Rohá?ek and Barber,3,Moosonee,ON,NB,E,51.28288,-80.63926,Wet,2,16-19.vi.2010,MalaiseTrap
Anthomyzidae,Anthomyza,Anthomyza pengellyi Rohá?ek and Barber,1,Moosonee,ON,NB,E,51.28288,-80.63926,Wet,2,19-23.vi.2010,PanTrap
Anthomyzidae,Anthomyza,Anthomyza shewelli Rohá?ek and Barber,1,Moosonee,ON,NB,E,51.28288,-80.63926,Wet,2,16-19.vi.2010,MalaiseTrap
Anthomyzidae,Anthomyza,Anthomyza vockerothi Rohá?ek and Barber,1,Moosonee,ON,NB,E,51.28288,-80.63926,Wet,2,16-19.vi.2010,MalaiseTrap
Chloropidae,Apallates,Apallates coxendix,1,Moosonee,ON,NB,E,51.28288,-80.63926,Wet,2,19-23.vi.2010,PanTrap
Chloropidae,Aphanotrigonum ,Aphanotrigonum trilineatum,3,Moosonee,ON,NB,E,51.28288,-80.63926,Wet,2,16-19.vi.2010,PanTrap
Chloropidae,Aphanotrigonum ,Aphanotrigonum trilineatum,6,Moosonee,ON,NB,E,51.28288,-80.63926,Wet,2,19-23.vi.2010,PanTrap
Chloropidae,Aphanotrigonum ,Aphanotrigonum trilineatum,3,Moosonee,ON,NB,E,51.28288,-80.63926,Wet,2,23-25.vi.2010,PanTrap
Chloropidae,Chlorops,Chlorops sp. B,1,Moosonee,ON,NB,E,51.28288,-80.63926,Wet,2,16-19.vi.2010,MalaiseTrap
Chloropidae,Elachiptera,Elachipter sp. A,3,Moosonee,ON,NB,E,51.28288,-80.63926,Wet,2,19-23.vi.2010,PanTrap
Chloropidae,Elachiptera,Elachipter sp. B,1,Moosonee,ON,NB,E,51.28288,-80.63926,Wet,2,16-19.vi.2010,PanTrap
Chloropidae,Elachiptera,Elachiptera costata,3,Moosonee,ON,NB,E,51.28288,-80.63926,Wet,2,16-19.vi.2010,MalaiseTrap
Chloropidae,Elachiptera,Elachiptera costata,3,Moosonee,ON,NB,E,51.28288,-80.63926,Wet,2,16-19.vi.2010,PanTrap
Chloropidae,Elachiptera,Elachiptera costata,2,Moosonee,ON,NB,E,51.28288,-80.63926,Wet,2,19-23.vi.2010,PanTrap
Chloropidae,Elachiptera,Elachiptera decipens,5,Moosonee,ON,NB,E,51.28288,-80.63926,Wet,2,16-19.vi.2010,MalaiseTrap
Chloropidae,Elachiptera,Elachiptera decipens,3,Moosonee,ON,NB,E,51.28288,-80.63926,Wet,2,16-19.vi.2010,PanTrap
Chloropidae,Elachiptera,Elachiptera decipens,1,Moosonee,ON,NB,E,51.28288,-80.63926,Wet,2,19-23.vi.2010,PanTrap
Chloropidae,Eribolus,Eribolus nanus,1,Moosonee,ON,NB,E,51.28288,-80.63926,Wet,2,16-19.vi.2010,MalaiseTrap
Chloropidae,Oscinella,Oscinella sp. D,1,Moosonee,ON,NB,E,51.28288,-80.63926,Wet,2,19-23.vi.2010,PanTrap
Chloropidae,Oscinella,Oscinella sp. E,1,Moosonee,ON,NB,E,51.28288,-80.63926,Wet,2,16-19.vi.2010,MalaiseTrap
Chloropidae,Oscinella,Oscinella sp. F,1,Moosonee,ON,NB,E,51.28288,-80.63926,Wet,2,16-19.vi.2010,PanTrap
Chloropidae,Oscinella,Oscinella sp. F,3,Moosonee,ON,NB,E,51.28288,-80.63926,Wet,2,19-23.vi.2010,PanTrap
Chloropidae,Pseudopachyceata,Pseudopachyceata approximatonervis,4,Moosonee,ON,NB,E,51.28288,-80.63926,Wet,2,16-19.vi.2010,MalaiseTrap
Chloropidae,Rhopalopterum,Rhopalopterum soror,3,Moosonee,ON,NB,E,51.28288,-80.63926,Wet,2,16-19.vi.2010,PanTrap
Chloropidae,Rhopalopterum,Rhopalopterum soror,29,Moosonee,ON,NB,E,51.28288,-80.63926,Wet,2,19-23.vi.2010,PanTrap
Chloropidae,Rhopalopterum,Rhopalopterum soror,10,Moosonee,ON,NB,E,51.28288,-80.63926,Wet,2,23-25.vi.2010,PanTrap
Chloropidae,Rhopalopterum,Rhopalopterum sp. B,1,Moosonee,ON,NB,E,51.28288,-80.63926,Wet,2,16-19.vi.2010,PanTrap
Chloropidae,Rhopalopterum,Rhopalopterum sp. C,1,Moosonee,ON,NB,E,51.28288,-80.63926,Wet,2,19-23.vi.2010,PanTrap
Chloropidae,Rhopalopterum,Rhopalopterum sp. D,1,Moosonee,ON,NB,E,51.28288,-80.63926,Wet,2,16-19.vi.2010,PanTrap
Chloropidae,Siphonella,Siphonella oscinina (Fallén),1,Moosonee,ON,NB,E,51.28288,-80.63926,Wet,2,16-19.vi.2010,MalaiseTrap
Chloropidae,Thaumatomyia,Thaumatomyia glabra,1,Moosonee,ON,NB,E,51.28288,-80.63926,Wet,2,16-19.vi.2010,MalaiseTrap
Chloropidae,Thaumatomyia,Thaumatomyia grata (Loew),4,Moosonee,ON,NB,E,51.28288,-80.63926,Wet,2,16-19.vi.2010,MalaiseTrap
Chloropidae,Tricimba,Tricimba cincta,1,Moosonee,ON,NB,E,51.28288,-80.63926,Wet,2,16-19.vi.2010,MalaiseTrap
Chloropidae,Tricimba,Tricimba melamonolica,2,Moosonee,ON,NB,E,51.28288,-80.63926,Wet,2,16-19.vi.2010,MalaiseTrap
Chloropidae,Tricimba,Tricimba trisulcata,1,Moosonee,ON,NB,E,51.28288,-80.63926,Wet,2,16-19.vi.2010,MalaiseTrap
Clusiidae,Clusiodes,Clusiodes clandestinus,2,Moosonee,ON,NB,E,51.28288,-80.63926,Wet,2,16-19.vi.2010,PanTrap
Diastatidae,Diastata,Diastata sp. A,2,Moosonee,ON,NB,E,51.28288,-80.63926,Wet,2,19-23.vi.2010,PanTrap
Diastatidae,Diastata,Diastata sp. C,1,Moosonee,ON,NB,E,51.28288,-80.63926,Wet,2,16-19.vi.2010,PanTrap
Drosophilidae,Drosophila,Drosophila rellima Wheeler,2,Moosonee,ON,NB,E,51.28288,-80.63926,Wet,2,19-23.vi.2010,PanTrap
Drosophilidae,Drosophila,Drosophila sp. G,1,Moosonee,ON,NB,E,51.28288,-80.63926,Wet,2,16-19.vi.2010,MalaiseTrap
Drosophilidae,0,Drosophilidae sp. A,1,Moosonee,ON,NB,E,51.28288,-80.63926,Wet,2,16-19.vi.2010,MalaiseTrap
Drosophilidae,Scaptomyza,Scaptomyza (Hemiscaptomyza) ?trochantera,1,Moosonee,ON,NB,E,51.28288,-80.63926,Wet,2,16-19.vi.2010,MalaiseTrap
Drosophilidae,Scaptomyza,Scaptomyza (Hemiscaptomyza) ?trochantera,1,Moosonee,ON,NB,E,51.28288,-80.63926,Wet,2,19-23.vi.2010,PanTrap
Drosophilidae,Scaptomyza,Scaptomyza (Parascaptomyza) ?adusta,1,Moosonee,ON,NB,E,51.28288,-80.63926,Wet,2,16-19.vi.2010,MalaiseTrap
Drosophilidae,Scaptomyza,Scaptomyza (Parascaptomyza) ?adusta,1,Moosonee,ON,NB,E,51.28288,-80.63926,Wet,2,19-23.vi.2010,PanTrap
Drosophilidae,Scaptomyza,Scaptomyza (Scaptomyza) sp. C,1,Moosonee,ON,NB,E,51.28288,-80.63926,Wet,2,16-19.vi.2010,PanTrap
Ephydridae,Allotrichoma,Allotrichoma bezzü,2,Moosonee,ON,NB,E,51.28288,-80.63926,Wet,2,23-25.vi.2010,PanTrap
Ephydridae,Dichaeta ,Dichaeta caudata,1,Moosonee,ON,NB,E,51.28288,-80.63926,Wet,2,16-19.vi.2010,MalaiseTrap
Ephydridae,Dichaeta ,Dichaeta caudata,1,Moosonee,ON,NB,E,51.28288,-80.63926,Wet,2,19-23.vi.2010,PanTrap
Ephydridae,Discocerina ,Discocerina obscurella,1,Moosonee,ON,NB,E,51.28288,-80.63926,Wet,2,16-19.vi.2010,MalaiseTrap
Ephydridae,Ditrichophora,Ditrichophora ?valens,1,Moosonee,ON,NB,E,51.28288,-80.63926,Wet,2,16-19.vi.2010,MalaiseTrap
Ephydridae,0,Ephydridae sp. C,1,Moosonee,ON,NB,E,51.28288,-80.63926,Wet,2,19-23.vi.2010,PanTrap
Ephydridae,Hydrellia,Hydrellia sp. C,1,Moosonee,ON,NB,E,51.28288,-80.63926,Wet,2,23-25.vi.2010,PanTrap
Ephydridae,Notiphila,Notiphila sp. B,1,Moosonee,ON,NB,E,51.28288,-80.63926,Wet,2,19-23.vi.2010,PanTrap
Ephydridae,Notiphila,Notiphila sp. C,1,Moosonee,ON,NB,E,51.28288,-80.63926,Wet,2,16-19.vi.2010,MalaiseTrap
Ephydridae,Philotelma,Philotelma defectum,1,Moosonee,ON,NB,E,51.28288,-80.63926,Wet,2,16-19.vi.2010,MalaiseTrap
Heleomyzidae,Tephroclamys,Tephroclamys rufiventris,1,Moosonee,ON,NB,E,51.28288,-80.63926,Wet,2,16-19.vi.2010,MalaiseTrap
Micropezidae,Compsobata,Compsobata (Compsobata) univitta (Walker),2,Moosonee,ON,NB,E,51.28288,-80.63926,Wet,2,16-19.vi.2010,MalaiseTrap
Milichiidae,Neophyllomyza,Neophyllomyza quadricornis,1,Moosonee,ON,NB,E,51.28288,-80.63926,Wet,2,16-19.vi.2010,MalaiseTrap
Sciomyzidae,Antichaeta,Antichaeta sp. C,1,Moosonee,ON,NB,E,51.28288,-80.63926,Wet,2,16-19.vi.2010,MalaiseTrap
Sciomyzidae,Atrichomelina,Atrichomelina ?pubera (Loew),1,Moosonee,ON,NB,E,51.28288,-80.63926,Wet,2,16-19.vi.2010,MalaiseTrap
Sciomyzidae,Dictya,Dictya hudsonica Steyskal,1,Moosonee,ON,NB,E,51.28288,-80.63926,Wet,2,16-19.vi.2010,MalaiseTrap
Sciomyzidae,Pherbellia,Pherbellia sp. E,1,Moosonee,ON,NB,E,51.28288,-80.63926,Wet,2,16-19.vi.2010,MalaiseTrap
Sciomyzidae,Pherbellia,Pherbellia sp. F,1,Moosonee,ON,NB,E,51.28288,-80.63926,Wet,2,16-19.vi.2010,MalaiseTrap
Sciomyzidae,Pteromicra,Pteromicra ?pectosa,1,Moosonee,ON,NB,E,51.28288,-80.63926,Wet,2,16-19.vi.2010,PanTrap
Sciomyzidae,0,Sciomyzidae sp. A,2,Moosonee,ON,NB,E,51.28288,-80.63926,Wet,2,19-23.vi.2010,PanTrap
Sciomyzidae,0,Sciomyzidae sp. A,1,Moosonee,ON,NB,E,51.28288,-80.63926,Wet,2,23-25.vi.2010,PanTrap
Sciomyzidae,Sepedon,Sepedon borealis Steyskal,1,Moosonee,ON,NB,E,51.28288,-80.63926,Wet,2,16-19.vi.2010,PanTrap
Sciomyzidae,Sepedon,Sepedon borealis Steyskal,1,Moosonee,ON,NB,E,51.28288,-80.63926,Wet,2,19-23.vi.2010,PanTrap
Sciomyzidae,Tetanocera,Tetanocera fuscinervis Zetterstedt,1,Moosonee,ON,NB,E,51.28288,-80.63926,Wet,2,16-19.vi.2010,MalaiseTrap
Sciomyzidae,Tetanocera,Tetanocera phyllophora Melander,1,Moosonee,ON,NB,E,51.28288,-80.63926,Wet,2,16-19.vi.2010,MalaiseTrap
Sciomyzidae,Tetanocera,Tetanocera sp. A,2,Moosonee,ON,NB,E,51.28288,-80.63926,Wet,2,16-19.vi.2010,MalaiseTrap
Sepsidae,Themira,Themira putris,1,Moosonee,ON,NB,E,51.28288,-80.63926,Wet,2,16-19.vi.2010,MalaiseTrap
Sphaeroceridae,Leptocera,Leptocera erythrocera,3,Moosonee,ON,NB,E,51.28288,-80.63926,Wet,2,16-19.vi.2010,PanTrap
Sphaeroceridae,Leptocera,Leptocera erythrocera,1,Moosonee,ON,NB,E,51.28288,-80.63926,Wet,2,19-23.vi.2010,PanTrap
Sphaeroceridae,Leptocera,Leptocera erythrocera,3,Moosonee,ON,NB,E,51.28288,-80.63926,Wet,2,23-25.vi.2010,PanTrap
Sphaeroceridae,Norrbomia,Norrbomia fumipennis,1,Moosonee,ON,NB,E,51.28288,-80.63926,Wet,2,16-19.vi.2010,PanTrap
Sphaeroceridae,Pseudocollinella,Pseudocollinella arctopellucida,1,Moosonee,ON,NB,E,51.28288,-80.63926,Wet,2,16-19.vi.2010,MalaiseTrap
Sphaeroceridae,Pseudocollinella,Pseudocollinella arctopellucida,1,Moosonee,ON,NB,E,51.28288,-80.63926,Wet,2,19-23.vi.2010,PanTrap
Sphaeroceridae,Spelobia,Spelobia sp. B,1,Moosonee,ON,NB,E,51.28288,-80.63926,Wet,2,16-19.vi.2010,MalaiseTrap
Sphaeroceridae,Spelobia,Spelobia sp. B,1,Moosonee,ON,NB,E,51.28288,-80.63926,Wet,2,23-25.vi.2010,PanTrap
Sphaeroceridae,Spelobia,Spelobia sp. J,1,Moosonee,ON,NB,E,51.28288,-80.63926,Wet,2,23-25.vi.2010,PanTrap
Sphaeroceridae,Spelobia,Spelobia sp. K,1,Moosonee,ON,NB,E,51.28288,-80.63926,Wet,2,16-19.vi.2010,MalaiseTrap
Sphaeroceridae,Trachyopella,Trachyopella sp. A,1,Moosonee,ON,NB,E,51.28288,-80.63926,Wet,2,16-19.vi.2010,MalaiseTrap
Ulidiidae,Seioptera,Seioptera vibrans (Linnaeus),1,Moosonee,ON,NB,E,51.28288,-80.63926,Wet,2,16-19.vi.2010,MalaiseTrap
Acartolphtamildae,Acartophtalmus,Acartophtalmus nigrinus (Zett),1,Moosonee,ON,NB,E,51.27717,-80.64778,Wet,3,19-22.vi.2010,MalaiseTrap
Anthomyzidae,Anthomyza,Anthomyza gilviventris Rohá?ek and Barber,1,Moosonee,ON,NB,E,51.27717,-80.64778,Wet,3,19-22.vi.2010,MalaiseTrap
Anthomyzidae,Anthomyza,Anthomyza pullinotum Rohá?ek and Barber,1,Moosonee,ON,NB,E,51.27717,-80.64778,Wet,3,19-22.vi.2010,MalaiseTrap
Anthomyzidae,Anthomyza,Anthomyza shewelli Rohá?ek and Barber,2,Moosonee,ON,NB,E,51.27717,-80.64778,Wet,3,19-22.vi.2010,MalaiseTrap
Anthomyzidae,Anthomyza,Anthomyza shewelli Rohá?ek and Barber,1,Moosonee,ON,NB,E,51.27717,-80.64778,Wet,3,16-19.vi.2010,PanTrap
Anthomyzidae,Anthomyza,Anthomyza vockerothi Rohá?ek and Barber,1,Moosonee,ON,NB,E,51.27717,-80.64778,Wet,3,19-22.vi.2010,MalaiseTrap
Chloropidae,Apallates,Apallates coxendix,1,Moosonee,ON,NB,E,51.27717,-80.64778,Wet,3,19-22.vi.2010,MalaiseTrap
Chloropidae,Aphanotrigonum ,Aphanotrigonum trilineatum,7,Moosonee,ON,NB,E,51.27717,-80.64778,Wet,3,16-19.vi.2010,PanTrap
Chloropidae,Aphanotrigonum ,Aphanotrigonum trilineatum,7,Moosonee,ON,NB,E,51.27717,-80.64778,Wet,3,23-25.vi.2010,PanTrap
Chloropidae,Chlorops,Chlorops sp. A,5,Moosonee,ON,NB,E,51.27717,-80.64778,Wet,3,19-22.vi.2010,MalaiseTrap
Chloropidae,Chlorops,Chlorops sp. B,2,Moosonee,ON,NB,E,51.27717,-80.64778,Wet,3,19-22.vi.2010,MalaiseTrap
Chloropidae,Chlorops,Chlorops sp. D,2,Moosonee,ON,NB,E,51.27717,-80.64778,Wet,3,19-22.vi.2010,MalaiseTrap
Chloropidae,Dasyopa,Dasyopa sp. C,1,Moosonee,ON,NB,E,51.27717,-80.64778,Wet,3,19-22.vi.2010,MalaiseTrap
Chloropidae,Elachiptera,Elachiptera costata,1,Moosonee,ON,NB,E,51.27717,-80.64778,Wet,3,19-23.vi.2010,PanTrap
Chloropidae,Elachiptera,Elachiptera costata,1,Moosonee,ON,NB,E,51.27717,-80.64778,Wet,3,23-25.vi.2010,PanTrap
Chloropidae,Elachiptera,Elachiptera decipens,10,Moosonee,ON,NB,E,51.27717,-80.64778,Wet,3,19-22.vi.2010,MalaiseTrap
Chloropidae,Gaurax,Gaurax n. sp. group D,1,Moosonee,ON,NB,E,51.27717,-80.64778,Wet,3,19-22.vi.2010,MalaiseTrap
Chloropidae,Oscinella,Oscinella sp. C,1,Moosonee,ON,NB,E,51.27717,-80.64778,Wet,3,19-22.vi.2010,MalaiseTrap
Chloropidae,Oscinella,Oscinella sp. D,10,Moosonee,ON,NB,E,51.27717,-80.64778,Wet,3,19-22.vi.2010,MalaiseTrap
Chloropidae,Oscinella,Oscinella sp. E,1,Moosonee,ON,NB,E,51.27717,-80.64778,Wet,3,16-19.vi.2010,PanTrap
Chloropidae,Oscinella,Oscinella sp. F,2,Moosonee,ON,NB,E,51.27717,-80.64778,Wet,3,16-19.vi.2010,PanTrap
Chloropidae,Pseudopachyceata,Pseudopachyceata approximatonervis,3,Moosonee,ON,NB,E,51.27717,-80.64778,Wet,3,19-22.vi.2010,MalaiseTrap
Chloropidae,Rhopalopterum,Rhopalopterum soror,4,Moosonee,ON,NB,E,51.27717,-80.64778,Wet,3,23-25.vi.2010,PanTrap
Chloropidae,Rhopalopterum,Rhopalopterum sp. B,1,Moosonee,ON,NB,E,51.27717,-80.64778,Wet,3,16-19.vi.2010,PanTrap
Chloropidae,Rhopalopterum,Rhopalopterum sp. C,1,Moosonee,ON,NB,E,51.27717,-80.64778,Wet,3,16-19.vi.2010,PanTrap
Chloropidae,Rhopalopterum,Rhopalopterum sp. C,1,Moosonee,ON,NB,E,51.27717,-80.64778,Wet,3,23-25.vi.2010,PanTrap
Chloropidae,Siphonella,Siphonella oscinina (Fallén),1,Moosonee,ON,NB,E,51.27717,-80.64778,Wet,3,19-22.vi.2010,MalaiseTrap
Chloropidae,Thaumatomyia,Thaumatomyia grata (Loew),3,Moosonee,ON,NB,E,51.27717,-80.64778,Wet,3,19-22.vi.2010,MalaiseTrap
Chloropidae,Tricimba,Tricimba cincta,1,Moosonee,ON,NB,E,51.27717,-80.64778,Wet,3,19-22.vi.2010,MalaiseTrap
Chloropidae,Tricimba,Tricimba linealla,2,Moosonee,ON,NB,E,51.27717,-80.64778,Wet,3,19-22.vi.2010,MalaiseTrap
Chloropidae,Tricimba,Tricimba melamonolica,16,Moosonee,ON,NB,E,51.27717,-80.64778,Wet,3,19-22.vi.2010,MalaiseTrap
Chloropidae,Tricimba,Tricimba trisulcata,1,Moosonee,ON,NB,E,51.27717,-80.64778,Wet,3,19-22.vi.2010,MalaiseTrap
Clusiidae,Clusiodes,Clusiodes ater,2,Moosonee,ON,NB,E,51.27717,-80.64778,Wet,3,19-22.vi.2010,MalaiseTrap
Clusiidae,Clusiodes,Clusiodes clandestinus,6,Moosonee,ON,NB,E,51.27717,-80.64778,Wet,3,19-22.vi.2010,MalaiseTrap
Drosophilidae,Amiota,Amiota sp. A,1,Moosonee,ON,NB,E,51.27717,-80.64778,Wet,3,19-22.vi.2010,MalaiseTrap
Drosophilidae,Drosophila,Drosophila rellima Wheeler,1,Moosonee,ON,NB,E,51.27717,-80.64778,Wet,3,19-22.vi.2010,MalaiseTrap
Drosophilidae,Drosophila,Drosophila rellima Wheeler,1,Moosonee,ON,NB,E,51.27717,-80.64778,Wet,3,16-19.vi.2010,PanTrap
Ephydridae,Discocerina ,Discocerina obscurella,1,Moosonee,ON,NB,E,51.27717,-80.64778,Wet,3,19-22.vi.2010,MalaiseTrap
Ephydridae,0,Ephydridae sp. A,1,Moosonee,ON,NB,E,51.27717,-80.64778,Wet,3,19-22.vi.2010,MalaiseTrap
Ephydridae,Gymnoclasiopa,Gymnoclasiopa bohemanni,1,Moosonee,ON,NB,E,51.27717,-80.64778,Wet,3,19-22.vi.2010,MalaiseTrap
Ephydridae,Gymnoclasiopa,Gymnoclasiopa subnubila,1,Moosonee,ON,NB,E,51.27717,-80.64778,Wet,3,19-22.vi.2010,MalaiseTrap
Ephydridae,Gymnoclasiopa,Gymnoclasiopa tacoma (Cresson),1,Moosonee,ON,NB,E,51.27717,-80.64778,Wet,3,19-22.vi.2010,MalaiseTrap
Ephydridae,Notiphila,Notiphila sp. C,1,Moosonee,ON,NB,E,51.27717,-80.64778,Wet,3,19-23.vi.2010,PanTrap
Heleomyzidae,Suillia,Suillia barberi,1,Moosonee,ON,NB,E,51.27717,-80.64778,Wet,3,19-22.vi.2010,MalaiseTrap
Lauxaniidae,Lauxania ,Lauxania shewelli,1,Moosonee,ON,NB,E,51.27717,-80.64778,Wet,3,19-22.vi.2010,MalaiseTrap
Lauxaniidae,Sapromyza,Sapromyza ?rotundicornis Loew,2,Moosonee,ON,NB,E,51.27717,-80.64778,Wet,3,19-22.vi.2010,MalaiseTrap
Micropezidae,Cnodocophora,Cnodocophora nasoni (Cresson),3,Moosonee,ON,NB,E,51.27717,-80.64778,Wet,3,19-22.vi.2010,MalaiseTrap
Micropezidae,Compsobata,Compsobata (Compsobata) univitta (Walker),1,Moosonee,ON,NB,E,51.27717,-80.64778,Wet,3,19-22.vi.2010,MalaiseTrap
Milichiidae,Neophyllomyza,Neophyllomyza quadricornis,40,Moosonee,ON,NB,E,51.27717,-80.64778,Wet,3,19-22.vi.2010,MalaiseTrap
Milichiidae,Paramyia,Paramyia nitens,5,Moosonee,ON,NB,E,51.27717,-80.64778,Wet,3,19-22.vi.2010,MalaiseTrap
Piophilidae,Parapiophila,Parapiophila atrifrons,1,Moosonee,ON,NB,E,51.27717,-80.64778,Wet,3,19-22.vi.2010,MalaiseTrap
Sciomyzidae,Pteromicra,Pteromicra ?pectosa,2,Moosonee,ON,NB,E,51.27717,-80.64778,Wet,3,19-22.vi.2010,MalaiseTrap
Sciomyzidae,Tetanocera,Tetanocera ?silvatica ,3,Moosonee,ON,NB,E,51.27717,-80.64778,Wet,3,19-22.vi.2010,MalaiseTrap
Sciomyzidae,Tetanocera,Tetanocera plebeja Loew,1,Moosonee,ON,NB,E,51.27717,-80.64778,Wet,3,19-22.vi.2010,MalaiseTrap
Sciomyzidae,Tetanocera,Tetanocera sp. B,1,Moosonee,ON,NB,E,51.27717,-80.64778,Wet,3,19-22.vi.2010,MalaiseTrap
Sepsidae,Nemapoda,Nemapoda nitidula (Fallén),1,Moosonee,ON,NB,E,51.27717,-80.64778,Wet,3,19-22.vi.2010,MalaiseTrap
Sphaeroceridae,Dahlimosina ,Dahlimosina dahli,2,Moosonee,ON,NB,E,51.27717,-80.64778,Wet,3,19-22.vi.2010,MalaiseTrap
Sphaeroceridae,Dahlimosina ,Dahlimosina dahli,1,Moosonee,ON,NB,E,51.27717,-80.64778,Wet,3,19-23.vi.2010,PanTrap
Sphaeroceridae,Norrbomia,Norrbomia fumipennis,1,Moosonee,ON,NB,E,51.27717,-80.64778,Wet,3,19-22.vi.2010,MalaiseTrap
Sphaeroceridae,Phthitia,Phtitia ovicercus,1,Moosonee,ON,NB,E,51.27717,-80.64778,Wet,3,16-19.vi.2010,PanTrap
Sphaeroceridae,Phthitia,Phtitia quadricercis,1,Moosonee,ON,NB,E,51.27717,-80.64778,Wet,3,19-23.vi.2010,PanTrap
Sphaeroceridae,Pullimosina,Pullimosina pullula,1,Moosonee,ON,NB,E,51.27717,-80.64778,Wet,3,16-19.vi.2010,PanTrap
Sphaeroceridae,Rachispoda,Rachispoda hoplites,1,Moosonee,ON,NB,E,51.27717,-80.64778,Wet,3,19-22.vi.2010,MalaiseTrap
Tanypezidae,Tanypeza,Tanypeza longimana (Fallén),3,Moosonee,ON,NB,E,51.27717,-80.64778,Wet,3,19-22.vi.2010,MalaiseTrap
Ulidiidae,Homalocephala,Homalocephala albitarsis,4,Moosonee,ON,NB,E,51.27717,-80.64778,Wet,3,19-22.vi.2010,MalaiseTrap
Aulacigastridae,Aulacigaster,Aulacigaster neoleucopeza(Mathis & Freidberg),1,Norman_Wells,NT,NB,W,65.29204,-126.63725,Mesic,1,14-17.vi.2011,MalaiseTrap
Chloropidae,Aphanotrigonum ,Aphanotrigonum scabrum,2,Norman_Wells,NT,NB,W,65.29204,-126.63725,Mesic,1,11-14.vi.2011,PanTrap
Chloropidae,Aphanotrigonum ,Aphanotrigonum trilineatum,26,Norman_Wells,NT,NB,W,65.29204,-126.63725,Mesic,1,14.vi.2011,Sweep
Chloropidae,Aphanotrigonum ,Aphanotrigonum trilineatum,12,Norman_Wells,NT,NB,W,65.29204,-126.63725,Mesic,1,17.vi.2011,Sweep
Chloropidae,Chlorops,Chlorops sp. A,1,Norman_Wells,NT,NB,W,65.29204,-126.63725,Mesic,1,17.vi.2011,Sweep
Chloropidae,Conioscinella ,Conioscinella sp. A,1,Norman_Wells,NT,NB,W,65.29204,-126.63725,Mesic,1,14.vi.2011,Sweep
Chloropidae,Conioscinella ,Conioscinella zetterstedti,1,Norman_Wells,NT,NB,W,65.29204,-126.63725,Mesic,1,14-17.vi.2011,PanTrap
Chloropidae,Fiebrigella,Fiebrigella nsp. 1,1,Norman_Wells,NT,NB,W,65.29204,-126.63725,Mesic,1,14-17.vi.2011,MalaiseTrap
Chloropidae,Gaurax,Gaurax n. sp. group C,1,Norman_Wells,NT,NB,W,65.29204,-126.63725,Mesic,1,14-17.vi.2011,MalaiseTrap
Chloropidae,Incertella,Incertella incerta,6,Norman_Wells,NT,NB,W,65.29204,-126.63725,Mesic,1,17.vi.2011,Sweep
Chloropidae,Lasiosina,Lasiosina canadensis,1,Norman_Wells,NT,NB,W,65.29204,-126.63725,Mesic,1,14.vi.2011,Sweep
Chloropidae,Rhopalopterum,Rhopalopterum sp. C,1,Norman_Wells,NT,NB,W,65.29204,-126.63725,Mesic,1,14.vi.2011,Sweep
Chloropidae,Rhopalopterum,Rhopalopterum sp. C,1,Norman_Wells,NT,NB,W,65.29204,-126.63725,Mesic,1,17.vi.2011,Sweep
Chloropidae,Rhopalopterum,Rhopalopterum sp. D,1,Norman_Wells,NT,NB,W,65.29204,-126.63725,Mesic,1,17.vi.2011,Sweep
Chloropidae,Thaumatomyia,Thaumatomyia annulata (Walker),1,Norman_Wells,NT,NB,W,65.29204,-126.63725,Mesic,1,14.vi.2011,Sweep
Chloropidae,Thaumatomyia,Thaumatomyia pulla (Adams),1,Norman_Wells,NT,NB,W,65.29204,-126.63725,Mesic,1,14-17.vi.2011,PanTrap
Chloropidae,Thaumatomyia,Thaumatomyia pulla (Adams),1,Norman_Wells,NT,NB,W,65.29204,-126.63725,Mesic,1,14.vi.2011,Sweep
Chloropidae,Thaumatomyia,Thaumatomyia trifasciata (Zett),1,Norman_Wells,NT,NB,W,65.29204,-126.63725,Mesic,1,14.vi.2011,Sweep
Chloropidae,Tricimba,Tricimba cincta,7,Norman_Wells,NT,NB,W,65.29204,-126.63725,Mesic,1,14-17.vi.2011,MalaiseTrap
Chloropidae,Tricimba,Tricimba melamonolica,1,Norman_Wells,NT,NB,W,65.29204,-126.63725,Mesic,1,14-17.vi.2011,MalaiseTrap
Chloropidae,Tricimba,Tricimba trisulcata,1,Norman_Wells,NT,NB,W,65.29204,-126.63725,Mesic,1,14-17.vi.2011,MalaiseTrap
Clusiidae,Clusiodes,Clusiodes ater,17,Norman_Wells,NT,NB,W,65.29204,-126.63725,Mesic,1,14-17.vi.2011,MalaiseTrap
Clusiidae,Clusiodes,Clusiodes clandestinus,6,Norman_Wells,NT,NB,W,65.29204,-126.63725,Mesic,1,14-17.vi.2011,MalaiseTrap
Drosophilidae,Chymomyza,Chymomyza sp. A,2,Norman_Wells,NT,NB,W,65.29204,-126.63725,Mesic,1,14-17.vi.2011,MalaiseTrap
Drosophilidae,Chymomyza,Chymomyza sp. B,3,Norman_Wells,NT,NB,W,65.29204,-126.63725,Mesic,1,14-17.vi.2011,MalaiseTrap
Drosophilidae,Drosophila,Drosophila obscura species group sp. B,1,Norman_Wells,NT,NB,W,65.29204,-126.63725,Mesic,1,14-17.vi.2011,MalaiseTrap
Drosophilidae,Drosophila,Drosophila rellima Wheeler,4,Norman_Wells,NT,NB,W,65.29204,-126.63725,Mesic,1,14-17.vi.2011,MalaiseTrap
Drosophilidae,Drosophila,Drosophila rellima Wheeler,1,Norman_Wells,NT,NB,W,65.29204,-126.63725,Mesic,1,14-17.vi.2011,PanTrap
Drosophilidae,Drosophila,Drosophila testacea species group sp. L,1,Norman_Wells,NT,NB,W,65.29204,-126.63725,Mesic,1,14-17.vi.2011,MalaiseTrap
Drosophilidae,Scaptomyza,Scaptomyza (Hemiscaptomyza) sp. G,1,Norman_Wells,NT,NB,W,65.29204,-126.63725,Mesic,1,14-17.vi.2011,PanTrap
Drosophilidae,Scaptomyza,Scaptomyza (Scaptomyza) sp. E,1,Norman_Wells,NT,NB,W,65.29204,-126.63725,Mesic,1,14-17.vi.2011,MalaiseTrap
Drosophilidae,Stegana,Stegana sp. A,1,Norman_Wells,NT,NB,W,65.29204,-126.63725,Mesic,1,14-17.vi.2011,MalaiseTrap
Ephydridae,Coenia,?Coenia alpina ,1,Norman_Wells,NT,NB,W,65.29204,-126.63725,Mesic,1,14.vi.2011,Sweep
Ephydridae,Coenia,?Coenia alpina ,2,Norman_Wells,NT,NB,W,65.29204,-126.63725,Mesic,1,17.vi.2011,Sweep
Ephydridae,Hyadina,Hyadina binotata (Cresson),5,Norman_Wells,NT,NB,W,65.29204,-126.63725,Mesic,1,14.vi.2011,Sweep
Ephydridae,Hyadina,Hyadina binotata (Cresson),5,Norman_Wells,NT,NB,W,65.29204,-126.63725,Mesic,1,17.vi.2011,Sweep
Ephydridae,Nostima,Nostima picta,1,Norman_Wells,NT,NB,W,65.29204,-126.63725,Mesic,1,17.vi.2011,Sweep
Ephydridae,Psilopa,Psilopa sp.A,1,Norman_Wells,NT,NB,W,65.29204,-126.63725,Mesic,1,14.vi.2011,Sweep
Ephydridae,Psilopa,Psilopa sp.A,2,Norman_Wells,NT,NB,W,65.29204,-126.63725,Mesic,1,17.vi.2011,Sweep
Heleomyzidae,Heteromyza,Heteromyza oculata ,1,Norman_Wells,NT,NB,W,65.29204,-126.63725,Mesic,1,14-17.vi.2011,MalaiseTrap
Heleomyzidae,Suillia,Suillia apicalis,4,Norman_Wells,NT,NB,W,65.29204,-126.63725,Mesic,1,14-17.vi.2011,MalaiseTrap
Lauxaniidae,Lauxania ,Lauxania shewelli,2,Norman_Wells,NT,NB,W,65.29204,-126.63725,Mesic,1,14.vi.2011,Sweep
Lauxaniidae,Lauxania ,Lauxania shewelli,1,Norman_Wells,NT,NB,W,65.29204,-126.63725,Mesic,1,17.vi.2011,Sweep
Milichiidae,Neophyllomyza,Neophyllomyza quadricornis,11,Norman_Wells,NT,NB,W,65.29204,-126.63725,Mesic,1,14-17.vi.2011,MalaiseTrap
Sciomyzidae,Dictya,Dictya umbroides Curran,1,Norman_Wells,NT,NB,W,65.29204,-126.63725,Mesic,1,14.vi.2011,Sweep
Sciomyzidae,Elgiva,Elgiva solicita (Harris),1,Norman_Wells,NT,NB,W,65.29204,-126.63725,Mesic,1,11.vi.2011,Sweep
Sciomyzidae,Pherbellia,Pherbellia ?byanti,2,Norman_Wells,NT,NB,W,65.29204,-126.63725,Mesic,1,14.vi.2011,Sweep
Sciomyzidae,Pherbellia,Pherbellia schoenherri maculata (Cresson),1,Norman_Wells,NT,NB,W,65.29204,-126.63725,Mesic,1,11-14.vi.2011,PanTrap
Sciomyzidae,Pherbellia,Pherbellia sp. L,1,Norman_Wells,NT,NB,W,65.29204,-126.63725,Mesic,1,11.vi.2011,Sweep
Sciomyzidae,Sepedon,Sepedon borealis Steyskal,1,Norman_Wells,NT,NB,W,65.29204,-126.63725,Mesic,1,17.vi.2011,Sweep
Sepsidae,Sepsis,Sepsis sp. A ,1,Norman_Wells,NT,NB,W,65.29204,-126.63725,Mesic,1,14-17.vi.2011,MalaiseTrap
Sphaeroceridae,Leptocera,Leptocera sp. A,1,Norman_Wells,NT,NB,W,65.29204,-126.63725,Mesic,1,14.vi.2011,Sweep
Sphaeroceridae,0,Limosininae sp. A,1,Norman_Wells,NT,NB,W,65.29204,-126.63725,Mesic,1,14-17.vi.2011,PanTrap
Sphaeroceridae,Pullimosina,Pullimosina pullula,2,Norman_Wells,NT,NB,W,65.29204,-126.63725,Mesic,1,7-11.vi.2011,PanTrap
Sphaeroceridae,Rachispoda,Rachispoda sp. A,1,Norman_Wells,NT,NB,W,65.29204,-126.63725,Mesic,1,17.vi.2011,Sweep
Sphaeroceridae,Rachispoda,Rachispoda sp. C,5,Norman_Wells,NT,NB,W,65.29204,-126.63725,Mesic,1,14.vi.2011,Sweep
Sphaeroceridae,Rachispoda,Rachispoda sp. C,7,Norman_Wells,NT,NB,W,65.29204,-126.63725,Mesic,1,17.vi.2011,Sweep
Sphaeroceridae,Spelobia,Spelobia sp. D,1,Norman_Wells,NT,NB,W,65.29204,-126.63725,Mesic,1,11-14.vi.2011,PanTrap
Anthomyzidae,Anthomyza,Anthomyza pengellyi Rohá?ek and Barber,2,Norman_Wells,NT,NB,W,65.26694,-126.72827,Mesic,2,17.vi.2011,Sweep
Chamaemyiidae,Chamaemyia,Chamaemyia herbarum,1,Norman_Wells,NT,NB,W,65.26694,-126.72827,Mesic,2,17.vi.2011,Sweep
Chloropidae,Apallates,Apallates coxendix,2,Norman_Wells,NT,NB,W,65.26694,-126.72827,Mesic,2,11-14.vi.2011,MalaiseTrap
Chloropidae,Apallates,Apallates coxendix,1,Norman_Wells,NT,NB,W,65.26694,-126.72827,Mesic,2,17.vi.2011,Sweep
Chloropidae,Aphanotrigonum ,Aphanotrigonum trilineatum,1,Norman_Wells,NT,NB,W,65.26694,-126.72827,Mesic,2,14-17.vi.2011,PanTrap
Chloropidae,Aphanotrigonum ,Aphanotrigonum trilineatum,1,Norman_Wells,NT,NB,W,65.26694,-126.72827,Mesic,2,17.vi.2011,Sweep
Chloropidae,Conioscinella ,Conioscinella sp. A,10,Norman_Wells,NT,NB,W,65.26694,-126.72827,Mesic,2,7-11.vi.2011,PanTrap
Chloropidae,Conioscinella ,Conioscinella sp. A,6,Norman_Wells,NT,NB,W,65.26694,-126.72827,Mesic,2,11-14.vi.2011,PanTrap
Chloropidae,Conioscinella ,Conioscinella sp. A,14,Norman_Wells,NT,NB,W,65.26694,-126.72827,Mesic,2,14-17.vi.2011,PanTrap
Chloropidae,Oscinella,Oscinella sp. A,1,Norman_Wells,NT,NB,W,65.26694,-126.72827,Mesic,2,17.vi.2011,Sweep
Chloropidae,Oscinella,Oscinella sp. B,1,Norman_Wells,NT,NB,W,65.26694,-126.72827,Mesic,2,17.vi.2011,Sweep
Chloropidae,Thaumatomyia,Thaumatomyia annulata (Walker),10,Norman_Wells,NT,NB,W,65.26694,-126.72827,Mesic,2,11-14.vi.2011,PanTrap
Chloropidae,Thaumatomyia,Thaumatomyia glabra,9,Norman_Wells,NT,NB,W,65.26694,-126.72827,Mesic,2,17.vi.2011,Sweep
Chloropidae,Tricimba,Tricimba brunnicolis,1,Norman_Wells,NT,NB,W,65.26694,-126.72827,Mesic,2,11-14.vi.2011,MalaiseTrap
Chloropidae,Tricimba,Tricimba cincta,2,Norman_Wells,NT,NB,W,65.26694,-126.72827,Mesic,2,11-14.vi.2011,MalaiseTrap
Chloropidae,Tricimba,Tricimba melamonolica,2,Norman_Wells,NT,NB,W,65.26694,-126.72827,Mesic,2,11-14.vi.2011,MalaiseTrap
Drosophilidae,Drosophila,Drosophila obscura species group sp. B,1,Norman_Wells,NT,NB,W,65.26694,-126.72827,Mesic,2,11-14.vi.2011,MalaiseTrap
Drosophilidae,0,Drosophilidae sp. A,5,Norman_Wells,NT,NB,W,65.26694,-126.72827,Mesic,2,11-14.vi.2011,MalaiseTrap
Ephydridae,Hyadina,Hyadina binotata (Cresson),1,Norman_Wells,NT,NB,W,65.26694,-126.72827,Mesic,2,11-14.vi.2011,PanTrap
Heleomyzidae,Suillia,Suillia barberi,1,Norman_Wells,NT,NB,W,65.26694,-126.72827,Mesic,2,11-14.vi.2011,MalaiseTrap
Lauxaniidae,Lauxania ,Lauxania shewelli,2,Norman_Wells,NT,NB,W,65.26694,-126.72827,Mesic,2,11-14.vi.2011,MalaiseTrap
Lauxaniidae,Lauxania ,Lauxania shewelli,1,Norman_Wells,NT,NB,W,65.26694,-126.72827,Mesic,2,17.vi.2011,Sweep
Lauxaniidae,Sapromyza,Sapromyza brachysoma,3,Norman_Wells,NT,NB,W,65.26694,-126.72827,Mesic,2,11-14.vi.2011,MalaiseTrap
Sphaeroceridae,Rachispoda,Rachispoda hoplites,1,Norman_Wells,NT,NB,W,65.26694,-126.72827,Mesic,2,11-14.vi.2011,MalaiseTrap
Tephritidae,Campiglossa,Campiglossa genalis (Thomson),3,Norman_Wells,NT,NB,W,65.26694,-126.72827,Mesic,2,17.vi.2011,Sweep
Chamaemyiidae,Chamaemyia,Chamaemyia herbarum,4,Norman_Wells,NT,NB,W,65.30494,-126.70873,Mesic,3,14.vi.2011,Sweep
Chamaemyiidae,Chamaemyia,Chamaemyia herbarum,79,Norman_Wells,NT,NB,W,65.30494,-126.70873,Mesic,3,17.vi.2011,Sweep
Chloropidae,Conioscinella ,Conioscinella sp. A,7,Norman_Wells,NT,NB,W,65.30494,-126.70873,Mesic,3,11-14.vi.2011,PanTrap
Chloropidae,Conioscinella ,Conioscinella sp. A,1,Norman_Wells,NT,NB,W,65.30494,-126.70873,Mesic,3,17.vi.2011,Sweep
Chloropidae,Conioscinella,Conioscinella sp. D,1,Norman_Wells,NT,NB,W,65.30494,-126.70873,Mesic,3,11-14.vi.2011,PanTrap
Chloropidae,Conioscinella,Conioscinella sp. D,2,Norman_Wells,NT,NB,W,65.30494,-126.70873,Mesic,3,14-17.vi.2011,PanTrap
Chloropidae,Conioscinella,Conioscinella sp. D,2,Norman_Wells,NT,NB,W,65.30494,-126.70873,Mesic,3,17.vi.2011,Sweep
Chloropidae,Dasyopa,Dasyopa sp. A,3,Norman_Wells,NT,NB,W,65.30494,-126.70873,Mesic,3,11-14.vi.2011,PanTrap
Chloropidae,Dasyopa,Dasyopa sp. A,1,Norman_Wells,NT,NB,W,65.30494,-126.70873,Mesic,3,14-17.vi.2011,PanTrap
Chloropidae,Incertella,Incertella incerta,2,Norman_Wells,NT,NB,W,65.30494,-126.70873,Mesic,3,17.vi.2011,Sweep
Chloropidae,Malloewia ,Malloewia sp. C,1,Norman_Wells,NT,NB,W,65.30494,-126.70873,Mesic,3,11-14.vi.2011,PanTrap
Chloropidae,Malloewia ,Malloewia sp. C,1,Norman_Wells,NT,NB,W,65.30494,-126.70873,Mesic,3,17.vi.2011,Sweep
Chloropidae,Oscinella,Oscinella sp. C,1,Norman_Wells,NT,NB,W,65.30494,-126.70873,Mesic,3,17.vi.2011,Sweep
Chloropidae,Tricimba,Tricimba cincta,1,Norman_Wells,NT,NB,W,65.30494,-126.70873,Mesic,3,7-11.vi.2011,PanTrap
Chloropidae,Tricimba,Tricimba cincta,1,Norman_Wells,NT,NB,W,65.30494,-126.70873,Mesic,3,11-14.vi.2011,PanTrap
Drosophilidae,Drosophila,Drosophila obscura species group sp. B,1,Norman_Wells,NT,NB,W,65.30494,-126.70873,Mesic,3,7-11.vi.2011,MalaiseTrap
Drosophilidae,Drosophila,Drosophila rellima Wheeler,1,Norman_Wells,NT,NB,W,65.30494,-126.70873,Mesic,3,14-17.vi.2011,PanTrap
Ephydridae,Philygria,Philygria nigrescens,2,Norman_Wells,NT,NB,W,65.30494,-126.70873,Mesic,3,11.vi.2011,Sweep
Heleomyzidae,Scoliocentra,Scoliocentra fraterna,1,Norman_Wells,NT,NB,W,65.30494,-126.70873,Mesic,3,7-11.vi.2011,MalaiseTrap
Heleomyzidae,Suillia,Suillia apicalis,1,Norman_Wells,NT,NB,W,65.30494,-126.70873,Mesic,3,11-14.vi.2011,PanTrap
Lauxaniidae,Sapromyza,Sapromyza brachysoma,3,Norman_Wells,NT,NB,W,65.30494,-126.70873,Mesic,3,7-11.vi.2011,MalaiseTrap
Tephritidae,Campiglossa,Campiglossa genalis (Thomson),1,Norman_Wells,NT,NB,W,65.30494,-126.70873,Mesic,3,11.vi.2011,Sweep
Chloropidae,Aphanotrigonum ,Aphanotrigonum trilineatum,1,Norman_Wells,NT,NB,W,65.29112,-126.62262,Wet,1,14.vi.2011,Sweep
Chloropidae,Conioscinella ,Conioscinella sp. A,2,Norman_Wells,NT,NB,W,65.29112,-126.62262,Wet,1,11-14.vi.2011,PanTrap
Chloropidae,Conioscinella ,Conioscinella sp. A,3,Norman_Wells,NT,NB,W,65.29112,-126.62262,Wet,1,14-17.vi.2011,PanTrap
Chloropidae,Conioscinella ,Conioscinella sp. A,1,Norman_Wells,NT,NB,W,65.29112,-126.62262,Wet,1,17.vi.2011,Sweep
Chloropidae,Conioscinella ,Conioscinella sp. C,1,Norman_Wells,NT,NB,W,65.29112,-126.62262,Wet,1,11-14.vi.2011,PanTrap
Chloropidae,Lasiosina,Lasiosina canadensis,1,Norman_Wells,NT,NB,W,65.29112,-126.62262,Wet,1,14.vi.2011,Sweep
Chloropidae,Lasiosina,Lasiosina canadensis,1,Norman_Wells,NT,NB,W,65.29112,-126.62262,Wet,1,17.vi.2011,Sweep
Chloropidae,Thaumatomyia,Thaumatomyia pulla (Adams),1,Norman_Wells,NT,NB,W,65.29112,-126.62262,Wet,1,14-17.vi.2011,PanTrap
Drosophilidae,Drosophila,Drosophila rellima Wheeler,1,Norman_Wells,NT,NB,W,65.29112,-126.62262,Wet,1,11-14.vi.2011,PanTrap
Drosophilidae,Drosophila,Drosophila rellima Wheeler,1,Norman_Wells,NT,NB,W,65.29112,-126.62262,Wet,1,14-17.vi.2011,PanTrap
Ephydridae,Hyadina,Hyadina binotata (Cresson),1,Norman_Wells,NT,NB,W,65.29112,-126.62262,Wet,1,11-14.vi.2011,PanTrap
Ephydridae,Scatophila,Scatophila exilis (Cresson),1,Norman_Wells,NT,NB,W,65.29112,-126.62262,Wet,1,17.vi.2011,Sweep
Heleomyzidae,Suillia,Suillia apicalis,1,Norman_Wells,NT,NB,W,65.29112,-126.62262,Wet,1,14-17.vi.2011,PanTrap
Opomyzidae,Geomyza,Geomyza apicalis (Meigen),1,Norman_Wells,NT,NB,W,65.29112,-126.62262,Wet,1,14-17.vi.2011,PanTrap
Sciomyzidae,Dictya,Dictya umbroides Curran,1,Norman_Wells,NT,NB,W,65.29112,-126.62262,Wet,1,14-17.vi.2011,PanTrap
Sciomyzidae,Elgiva,Elgiva solicita (Harris),1,Norman_Wells,NT,NB,W,65.29112,-126.62262,Wet,1,11.vi.2011,Sweep
Sciomyzidae,Pherbellia,Pherbellia ?byanti,2,Norman_Wells,NT,NB,W,65.29112,-126.62262,Wet,1,17.vi.2011,Sweep
Sciomyzidae,Pherbellia,Pherbellia schoenherri maculata (Cresson),1,Norman_Wells,NT,NB,W,65.29112,-126.62262,Wet,1,11-14.vi.2011,PanTrap
Sciomyzidae,Pherbellia,Pherbellia schoenherri maculata (Cresson),4,Norman_Wells,NT,NB,W,65.29112,-126.62262,Wet,1,14-17.vi.2011,PanTrap
Sciomyzidae,Pherbellia,Pherbellia sp. A,1,Norman_Wells,NT,NB,W,65.29112,-126.62262,Wet,1,11-14.vi.2011,PanTrap
Sciomyzidae,Pherbellia,Pherbellia sp. S,1,Norman_Wells,NT,NB,W,65.29112,-126.62262,Wet,1,14-17.vi.2011,MalaiseTrap
Sciomyzidae,Sepedon,Sepedon borealis Steyskal,1,Norman_Wells,NT,NB,W,65.29112,-126.62262,Wet,1,7-11.vi.2011,PanTrap
Sciomyzidae,Sepedon,Sepedon borealis Steyskal,3,Norman_Wells,NT,NB,W,65.29112,-126.62262,Wet,1,11-14.vi.2011,PanTrap
Sciomyzidae,Sepedon,Sepedon borealis Steyskal,1,Norman_Wells,NT,NB,W,65.29112,-126.62262,Wet,1,14-17.vi.2011,PanTrap
Sciomyzidae,Sepedon,Sepedon borealis Steyskal,1,Norman_Wells,NT,NB,W,65.29112,-126.62262,Wet,1,14.vi.2011,Sweep
Sciomyzidae,Sepedon,Sepedon borealis Steyskal,1,Norman_Wells,NT,NB,W,65.29112,-126.62262,Wet,1,17.vi.2011,Sweep
Sphaeroceridae,Pteremis,Pteremis wirthi,1,Norman_Wells,NT,NB,W,65.29112,-126.62262,Wet,1,7-11.vi.2011,PanTrap
Sphaeroceridae,Pteremis,Pteremis wirthi,2,Norman_Wells,NT,NB,W,65.29112,-126.62262,Wet,1,14-17.vi.2011,PanTrap
Sphaeroceridae,Pullimosina,Pullimosina pullula,1,Norman_Wells,NT,NB,W,65.29112,-126.62262,Wet,1,14-17.vi.2011,PanTrap
Sphaeroceridae,Spelobia,Spelobia sp. D,1,Norman_Wells,NT,NB,W,65.29112,-126.62262,Wet,1,14-17.vi.2011,PanTrap
Sphaeroceridae,Spelobia,Spelobia sp. E,2,Norman_Wells,NT,NB,W,65.29112,-126.62262,Wet,1,7-11.vi.2011,PanTrap
Chloropidae,Aphanotrigonum ,Aphanotrigonum scabrum,1,Norman_Wells,NT,NB,W,65.25226,-126.66128,Wet,2,7-11.vi.2011,PanTrap
Chloropidae,Aphanotrigonum ,Aphanotrigonum scabrum,2,Norman_Wells,NT,NB,W,65.25226,-126.66128,Wet,2,11-14.vi.2011,PanTrap
Chloropidae,Aphanotrigonum ,Aphanotrigonum trilineatum,1,Norman_Wells,NT,NB,W,65.25226,-126.66128,Wet,2,14-17.vi.2011,PanTrap
Chloropidae,Conioscinella ,Conioscinella sp. A,5,Norman_Wells,NT,NB,W,65.25226,-126.66128,Wet,2,14-17.vi.2011,PanTrap
Chloropidae,Elachiptera,Elachiptera costata,1,Norman_Wells,NT,NB,W,65.25226,-126.66128,Wet,2,11-14.vi.2011,PanTrap
Chloropidae,Elachiptera,Elachiptera decipens,1,Norman_Wells,NT,NB,W,65.25226,-126.66128,Wet,2,11-14.vi.2011,MalaiseTrap
Chloropidae,Elachiptera,Elachiptera decipens,1,Norman_Wells,NT,NB,W,65.25226,-126.66128,Wet,2,14.vi.2011,Sweep
Chloropidae,Lasiosina,Lasiosina canadensis,1,Norman_Wells,NT,NB,W,65.25226,-126.66128,Wet,2,7-11.vi.2011,PanTrap
Chloropidae,Lasiosina,Lasiosina canadensis,1,Norman_Wells,NT,NB,W,65.25226,-126.66128,Wet,2,14.vi.2011,Sweep
Chloropidae,Lasiosina,Lasiosina canadensis,1,Norman_Wells,NT,NB,W,65.25226,-126.66128,Wet,2,17.vi.2011,Sweep
Chloropidae,Rhopalopterum,Rhopalopterum sp. A,1,Norman_Wells,NT,NB,W,65.25226,-126.66128,Wet,2,17.vi.2011,Sweep
Chloropidae,Tricimba,Tricimba cincta,2,Norman_Wells,NT,NB,W,65.25226,-126.66128,Wet,2,11-14.vi.2011,MalaiseTrap
Drosophilidae,Drosophila,Drosophila obscura species group sp. B,5,Norman_Wells,NT,NB,W,65.25226,-126.66128,Wet,2,11-14.vi.2011,MalaiseTrap
Drosophilidae,Drosophila,Drosophila rellima Wheeler,2,Norman_Wells,NT,NB,W,65.25226,-126.66128,Wet,2,7-11.vi.2011,PanTrap
Drosophilidae,Drosophila,Drosophila rellima Wheeler,1,Norman_Wells,NT,NB,W,65.25226,-126.66128,Wet,2,14-17.vi.2011,PanTrap
Drosophilidae,0,Drosophilidae sp. A,1,Norman_Wells,NT,NB,W,65.25226,-126.66128,Wet,2,11-14.vi.2011,MalaiseTrap
Drosophilidae,Scaptomyza,Scaptomyza (Hemiscaptomyza) ?trochantera,1,Norman_Wells,NT,NB,W,65.25226,-126.66128,Wet,2,11-14.vi.2011,PanTrap
Drosophilidae,Scaptomyza,Scaptomyza (Hemiscaptomyza) ?trochantera,1,Norman_Wells,NT,NB,W,65.25226,-126.66128,Wet,2,14-17.vi.2011,PanTrap
Drosophilidae,Scaptomyza,Scaptomyza (Scaptomyza) sp. C,2,Norman_Wells,NT,NB,W,65.25226,-126.66128,Wet,2,14-17.vi.2011,PanTrap
Ephydridae,Hyadina,Hyadina vockerhoti,1,Norman_Wells,NT,NB,W,65.25226,-126.66128,Wet,2,11-14.vi.2011,PanTrap
Ephydridae,Hyadina,Hyadina vockerhoti,1,Norman_Wells,NT,NB,W,65.25226,-126.66128,Wet,2,14-17.vi.2011,PanTrap
Ephydridae,Hydrellia,Hydrellia sp. A,1,Norman_Wells,NT,NB,W,65.25226,-126.66128,Wet,2,17.vi.2011,Sweep
Ephydridae,Pelina,Pelina canadensis,1,Norman_Wells,NT,NB,W,65.25226,-126.66128,Wet,2,14.vi.2011,Sweep
Ephydridae,Philotelma,Philotelma defectum,1,Norman_Wells,NT,NB,W,65.25226,-126.66128,Wet,2,11-14.vi.2011,PanTrap
Ephydridae,Philotelma,Philotelma defectum,2,Norman_Wells,NT,NB,W,65.25226,-126.66128,Wet,2,14-17.vi.2011,PanTrap
Ephydridae,Psilopa,Psilopa sp.A,1,Norman_Wells,NT,NB,W,65.25226,-126.66128,Wet,2,11.vi.2011,Sweep
Ephydridae,Psilopa,Psilopa sp.A,1,Norman_Wells,NT,NB,W,65.25226,-126.66128,Wet,2,14.vi.2011,Sweep
Ephydridae,Psilopa,Psilopa sp.A,6,Norman_Wells,NT,NB,W,65.25226,-126.66128,Wet,2,17.vi.2011,Sweep
Lauxaniidae,Lauxania ,Lauxania shewelli,1,Norman_Wells,NT,NB,W,65.25226,-126.66128,Wet,2,14.vi.2011,Sweep
Lauxaniidae,Lauxania ,Lauxania shewelli,1,Norman_Wells,NT,NB,W,65.25226,-126.66128,Wet,2,17.vi.2011,Sweep
Milichiidae,Neophyllomyza,Neophyllomyza quadricornis,1,Norman_Wells,NT,NB,W,65.25226,-126.66128,Wet,2,11-14.vi.2011,MalaiseTrap
Milichiidae,Phyllomyza,Phyllomyza sp. B,1,Norman_Wells,NT,NB,W,65.25226,-126.66128,Wet,2,11-14.vi.2011,MalaiseTrap
Piophilidae,Parapiophila,Parapiophila atrifrons,1,Norman_Wells,NT,NB,W,65.25226,-126.66128,Wet,2,11-14.vi.2011,MalaiseTrap
Piophilidae,Parapiophila,Parapiophila dudai,1,Norman_Wells,NT,NB,W,65.25226,-126.66128,Wet,2,11-14.vi.2011,MalaiseTrap
Sciomyzidae,Elgiva,Elgiva solicita (Harris),1,Norman_Wells,NT,NB,W,65.25226,-126.66128,Wet,2,14.vi.2011,Sweep
Sciomyzidae,Pherbellia,Pherbellia ?byanti,1,Norman_Wells,NT,NB,W,65.25226,-126.66128,Wet,2,14-17.vi.2011,PanTrap
Sciomyzidae,Pherbellia,Pherbellia schoenherri maculata (Cresson),2,Norman_Wells,NT,NB,W,65.25226,-126.66128,Wet,2,7-11.vi.2011,PanTrap
Sciomyzidae,Pherbellia,Pherbellia schoenherri maculata (Cresson),3,Norman_Wells,NT,NB,W,65.25226,-126.66128,Wet,2,11-14.vi.2011,PanTrap
Sciomyzidae,Pherbellia,Pherbellia schoenherri maculata (Cresson),1,Norman_Wells,NT,NB,W,65.25226,-126.66128,Wet,2,14-17.vi.2011,PanTrap
Sciomyzidae,Pherbellia,Pherbellia schoenherri maculata (Cresson),3,Norman_Wells,NT,NB,W,65.25226,-126.66128,Wet,2,14.vi.2011,Sweep
Sciomyzidae,Sepedon,Sepedon borealis Steyskal,3,Norman_Wells,NT,NB,W,65.25226,-126.66128,Wet,2,11-14.vi.2011,PanTrap
Sciomyzidae,Sepedon,Sepedon borealis Steyskal,10,Norman_Wells,NT,NB,W,65.25226,-126.66128,Wet,2,14-17.vi.2011,PanTrap
Sciomyzidae,Sepedon,Sepedon borealis Steyskal,3,Norman_Wells,NT,NB,W,65.25226,-126.66128,Wet,2,11.vi.2011,Sweep
Sciomyzidae,Sepedon,Sepedon borealis Steyskal,1,Norman_Wells,NT,NB,W,65.25226,-126.66128,Wet,2,14.vi.2011,Sweep
Sciomyzidae,Sepedon,Sepedon borealis Steyskal,3,Norman_Wells,NT,NB,W,65.25226,-126.66128,Wet,2,17.vi.2011,Sweep
Sciomyzidae,Tetanocera,Tetanocera ?silvatica ,1,Norman_Wells,NT,NB,W,65.25226,-126.66128,Wet,2,14-17.vi.2011,PanTrap
Sphaeroceridae,Leptocera,Leptocera sp. A,2,Norman_Wells,NT,NB,W,65.25226,-126.66128,Wet,2,14-17.vi.2011,PanTrap
Sphaeroceridae,0,Limosininae sp. B,1,Norman_Wells,NT,NB,W,65.25226,-126.66128,Wet,2,7-11.vi.2011,PanTrap
Sphaeroceridae,Phthitia,Phtitia ovicercus,1,Norman_Wells,NT,NB,W,65.25226,-126.66128,Wet,2,7-11.vi.2011,PanTrap
Sphaeroceridae,Phthitia,Phtitia ovicercus,1,Norman_Wells,NT,NB,W,65.25226,-126.66128,Wet,2,11-14.vi.2011,PanTrap
Sphaeroceridae,Pseudocollinella,Pseudocollinella sp. C,1,Norman_Wells,NT,NB,W,65.25226,-126.66128,Wet,2,14-17.vi.2011,PanTrap
Sphaeroceridae,Pteremis,Pteremis wirthi,2,Norman_Wells,NT,NB,W,65.25226,-126.66128,Wet,2,11-14.vi.2011,PanTrap
Sphaeroceridae,Pteremis,Pteremis wirthi,4,Norman_Wells,NT,NB,W,65.25226,-126.66128,Wet,2,14-17.vi.2011,PanTrap
Sphaeroceridae,Pullimosina,Pullimosina pullula,1,Norman_Wells,NT,NB,W,65.25226,-126.66128,Wet,2,7-11.vi.2011,PanTrap
Sphaeroceridae,Rachispoda,Rachispoda hoplites,2,Norman_Wells,NT,NB,W,65.25226,-126.66128,Wet,2,11-14.vi.2011,PanTrap
Sphaeroceridae,Rachispoda,Rachispoda lutosa,1,Norman_Wells,NT,NB,W,65.25226,-126.66128,Wet,2,17.vi.2011,Sweep
Sphaeroceridae,Rachispoda,Rachispoda sp. C,2,Norman_Wells,NT,NB,W,65.25226,-126.66128,Wet,2,14.vi.2011,Sweep
Sphaeroceridae,Rachispoda,Rachispoda sp. C,1,Norman_Wells,NT,NB,W,65.25226,-126.66128,Wet,2,17.vi.2011,Sweep
Chamaemyiidae,Chamaemyia,Chamaemyia herbarum,1,Norman_Wells,NT,NB,W,65.28901,-126.84077,Wet,3,17.vi.2011,Sweep
Chloropidae,Conioscinella ,Conioscinella sp. A,1,Norman_Wells,NT,NB,W,65.28901,-126.84077,Wet,3,7-11.vi.2011,PanTrap
Chloropidae,Conioscinella ,Conioscinella sp. A,5,Norman_Wells,NT,NB,W,65.28901,-126.84077,Wet,3,11-14.vi.2011,PanTrap
Chloropidae,Conioscinella ,Conioscinella sp. A,10,Norman_Wells,NT,NB,W,65.28901,-126.84077,Wet,3,14-17.vi.2011,PanTrap
Chloropidae,Lasiosina,Lasiosina canadensis,1,Norman_Wells,NT,NB,W,65.28901,-126.84077,Wet,3,14.vi.2011,Sweep
Chloropidae,Speccafrons,Speccafrons sp. A,1,Norman_Wells,NT,NB,W,65.28901,-126.84077,Wet,3,14.vi.2011,Sweep
Drosophilidae,Drosophila,Drosophila obscura species group sp. B,1,Norman_Wells,NT,NB,W,65.28901,-126.84077,Wet,3,7-11.vi.2011,MalaiseTrap
Drosophilidae,Drosophila,Drosophila rellima Wheeler,1,Norman_Wells,NT,NB,W,65.28901,-126.84077,Wet,3,14-17.vi.2011,PanTrap
Ephydridae,Allotrichoma,Allotrichoma bezzü,1,Norman_Wells,NT,NB,W,65.28901,-126.84077,Wet,3,11-14.vi.2011,PanTrap
Heleomyzidae,Amoebaleria,Amoebaleria sp. A,1,Norman_Wells,NT,NB,W,65.28901,-126.84077,Wet,3,11-14.vi.2011,PanTrap
Heleomyzidae,Suillia,Suillia apicalis,1,Norman_Wells,NT,NB,W,65.28901,-126.84077,Wet,3,7-11.vi.2011,MalaiseTrap
Sciomyzidae,Sepedon,Sepedon borealis Steyskal,1,Norman_Wells,NT,NB,W,65.28901,-126.84077,Wet,3,14-17.vi.2011,PanTrap
Sciomyzidae,Sepedon,Sepedon borealis Steyskal,1,Norman_Wells,NT,NB,W,65.28901,-126.84077,Wet,3,11.vi.2011,Sweep
Sciomyzidae,Tetanocera,Tetanocera ?silvatica ,1,Norman_Wells,NT,NB,W,65.28901,-126.84077,Wet,3,14-17.vi.2011,PanTrap
Sphaeroceridae,Leptocera,Leptocera sp. A,7,Norman_Wells,NT,NB,W,65.28901,-126.84077,Wet,3,7-11.vi.2011,PanTrap
Sphaeroceridae,Leptocera,Leptocera sp. A,2,Norman_Wells,NT,NB,W,65.28901,-126.84077,Wet,3,11-14.vi.2011,PanTrap
Sphaeroceridae,0,Limosininae sp. A,1,Norman_Wells,NT,NB,W,65.28901,-126.84077,Wet,3,7-11.vi.2011,PanTrap
Sphaeroceridae,0,Limosininae sp. A,1,Norman_Wells,NT,NB,W,65.28901,-126.84077,Wet,3,14-17.vi.2011,PanTrap
Sphaeroceridae,Phthitia,Phtitia ovicercus,3,Norman_Wells,NT,NB,W,65.28901,-126.84077,Wet,3,7-11.vi.2011,PanTrap
Sphaeroceridae,Pullimosina,Pullimosina pullula,4,Norman_Wells,NT,NB,W,65.28901,-126.84077,Wet,3,7-11.vi.2011,PanTrap
Sphaeroceridae,Pullimosina,Pullimosina pullula,1,Norman_Wells,NT,NB,W,65.28901,-126.84077,Wet,3,11-14.vi.2011,PanTrap
Sphaeroceridae,Rachispoda,Rachispoda hoplites,1,Norman_Wells,NT,NB,W,65.28901,-126.84077,Wet,3,11-14.vi.2011,PanTrap
Sphaeroceridae,Rachispoda,Rachispoda sp. C,1,Norman_Wells,NT,NB,W,65.28901,-126.84077,Wet,3,7-11.vi.2011,PanTrap
Sphaeroceridae,Spelobia,Spelobia sp. A,1,Norman_Wells,NT,NB,W,65.28901,-126.84077,Wet,3,11-14.vi.2011,PanTrap
Sphaeroceridae,Spelobia,Spelobia sp. D,1,Norman_Wells,NT,NB,W,65.28901,-126.84077,Wet,3,14-17.vi.2011,PanTrap
Sphaeroceridae,Spelobia,Spelobia sp. E,1,Norman_Wells,NT,NB,W,65.28901,-126.84077,Wet,3,7-11.vi.2011,PanTrap
Sphaeroceridae,Spelobia,Spelobia sp. I,1,Norman_Wells,NT,NB,W,65.28901,-126.84077,Wet,3,7-11.vi.2011,PanTrap
Chloropidae,Gaurax,Gaurax n. sp. group C,1,Schefferville,NL,SA,E,54.90526,-67.15049,Mesic,1,6-9.vii.2010,MalaiseTrap
Chloropidae,Oscinella,Oscinella sp. D,1,Schefferville,NL,SA,E,54.90526,-67.15049,Mesic,1,6-9.vii.2010,MalaiseTrap
Chloropidae,Tricimba,Tricimba brunnicolis,1,Schefferville,NL,SA,E,54.90526,-67.15049,Mesic,1,6-9.vii.2010,MalaiseTrap
Drosophilidae,Drosophila,Drosophila obscura species group sp. B,1,Schefferville,NL,SA,E,54.90526,-67.15049,Mesic,1,6-9.vii.2010,PanTrap
Drosophilidae,Drosophila,Drosophila rellima Wheeler,1,Schefferville,NL,SA,E,54.90526,-67.15049,Mesic,1,6-9.vii.2010,MalaiseTrap
Heleomyzidae,Scoliocentra,Scoliocentra fraterna,8,Schefferville,NL,SA,E,54.90526,-67.15049,Mesic,1,6-9.vii.2010,MalaiseTrap
Heleomyzidae,Suillia,Suillia apicalis,1,Schefferville,NL,SA,E,54.90526,-67.15049,Mesic,1,6-9.vii.2010,MalaiseTrap
Heleomyzidae,Tephroclamys,Tephroclamys rufiventris,2,Schefferville,NL,SA,E,54.90526,-67.15049,Mesic,1,6-9.vii.2010,MalaiseTrap
Sciomyzidae,Pherbellia,Pherbellia sp. A,1,Schefferville,NL,SA,E,54.90526,-67.15049,Mesic,1,6-9.vii.2010,MalaiseTrap
Sepsidae,Themira,Themira flavicoxa Melander & Spuler,1,Schefferville,NL,SA,E,54.90526,-67.15049,Mesic,1,6-9.vii.2010,MalaiseTrap
Sphaeroceridae,Spelobia,Spelobia sp. H,1,Schefferville,NL,SA,E,54.90526,-67.15049,Mesic,1,6-9.vii.2010,MalaiseTrap
Drosophilidae,Drosophila,Drosophila rellima Wheeler,1,Schefferville,NL,SA,E,54.90414,-67.14888,Mesic,2,6-9.vii.2010,PanTrap
Heleomyzidae,Scoliocentra,Scoliocentra fraterna,3,Schefferville,NL,SA,E,54.90414,-67.14888,Mesic,2,3-6.vii.2010,MalaiseTrap
Sphaeroceridae,Dahlimosina ,Dahlimosina dahli,1,Schefferville,NL,SA,E,54.90414,-67.14888,Mesic,2,6-9.vii.2010,PanTrap
Sphaeroceridae,Spelobia,Spelobia sp. C,1,Schefferville,NL,SA,E,54.90414,-67.14888,Mesic,2,6-9.vii.2010,PanTrap
Sphaeroceridae,Spelobia,Spelobia sp. F,1,Schefferville,NL,SA,E,54.90414,-67.14888,Mesic,2,3-6.vii.2010,PanTrap
Sphaeroceridae,Spelobia,Spelobia sp. J,2,Schefferville,NL,SA,E,54.90414,-67.14888,Mesic,2,3-6.vii.2010,PanTrap
Sphaeroceridae,Spelobia,Spelobia sp. K,1,Schefferville,NL,SA,E,54.90414,-67.14888,Mesic,2,3-6.vii.2010,PanTrap
Sphaeroceridae,Spelobia,Spelobia sp. K,1,Schefferville,NL,SA,E,54.90414,-67.14888,Mesic,2,6-9.vii.2010,PanTrap
Heleomyzidae,Scoliocentra,Scoliocentra fraterna,2,Schefferville,NL,SA,E,54.9031,-67.14765,Mesic,3,30.vi-3.vii.2010,MalaiseTrap
Sciomyzidae,Pherbellia,Pherbellia sp. R,1,Schefferville,NL,SA,E,54.9031,-67.14765,Mesic,3,30.vi-3.vii.2010,MalaiseTrap
Sphaeroceridae,Spelobia,Spelobia sp. H,2,Schefferville,NL,SA,E,54.9031,-67.14765,Mesic,3,3-6.vii.2010,PanTrap
Sphaeroceridae,Spelobia,Spelobia sp. H,1,Schefferville,NL,SA,E,54.9031,-67.14765,Mesic,3,6-9.vii.2010,PanTrap
Sphaeroceridae,Spelobia,Spelobia sp. K,1,Schefferville,NL,SA,E,54.9031,-67.14765,Mesic,3,3-6.vii.2010,PanTrap
Sphaeroceridae,Spelobia,Spelobia sp. K,1,Schefferville,NL,SA,E,54.9031,-67.14765,Mesic,3,6-9.vii.2010,PanTrap
Chamaemyiidae,Chamaemyia,Chamaemyia herbarum,1,Schefferville,NL,SA,E,54.7597,-66.7112,Wet,1,6-9.vii.2010,MalaiseTrap
Chloropidae,Conioscinella ,Conioscinella sp. A,1,Schefferville,NL,SA,E,54.7597,-66.7112,Wet,1,6-9.vii.2010,MalaiseTrap
Chloropidae,Thaumatomyia,Thaumatomyia pulla (Adams),4,Schefferville,NL,SA,E,54.7597,-66.7112,Wet,1,6-9.vii.2010,PanTrap
Chloropidae,Thaumatomyia,Thaumatomyia trifasciata (Zett),1,Schefferville,NL,SA,E,54.7597,-66.7112,Wet,1,6-9.vii.2010,PanTrap
Clusiidae,Clusiodes,Clusiodes ater,2,Schefferville,NL,SA,E,54.7597,-66.7112,Wet,1,6-9.vii.2010,MalaiseTrap
Diastatidae,Diastata,Diastata sp. B,1,Schefferville,NL,SA,E,54.7597,-66.7112,Wet,1,6-9.vii.2010,MalaiseTrap
Diastatidae,Diastata,Diastata sp. C,2,Schefferville,NL,SA,E,54.7597,-66.7112,Wet,1,3-6.vii.2010,PanTrap
Drosophilidae,Drosophila,Drosophila sp. I,1,Schefferville,NL,SA,E,54.7597,-66.7112,Wet,1,6-9.vii.2010,MalaiseTrap
Drosophilidae,Scaptomyza,Scaptomyza (Hemiscaptomyza) sp. H,1,Schefferville,NL,SA,E,54.7597,-66.7112,Wet,1,6-9.vii.2010,MalaiseTrap
Ephydridae,Parydra,Parydra sp. B,1,Schefferville,NL,SA,E,54.7597,-66.7112,Wet,1,6-9.vii.2010,MalaiseTrap
Heleomyzidae,Heteromyza,Heteromyza oculata ,2,Schefferville,NL,SA,E,54.7597,-66.7112,Wet,1,6-9.vii.2010,MalaiseTrap
Milichiidae,Neophyllomyza,Neophyllomyza quadricornis,1,Schefferville,NL,SA,E,54.7597,-66.7112,Wet,1,6-9.vii.2010,MalaiseTrap
Sciomyzidae,Pherbellia,Pherbellia ?byanti,1,Schefferville,NL,SA,E,54.7597,-66.7112,Wet,1,6-9.vii.2010,MalaiseTrap
Sciomyzidae,Pherbellia,Pherbellia ?byanti,3,Schefferville,NL,SA,E,54.7597,-66.7112,Wet,1,3-6.vii.2010,PanTrap
Sciomyzidae,Pherbellia,Pherbellia sp. O,1,Schefferville,NL,SA,E,54.7597,-66.7112,Wet,1,6-9.vii.2010,MalaiseTrap
Sphaeroceridae,Dahlimosina ,Dahlimosina dahli,1,Schefferville,NL,SA,E,54.7597,-66.7112,Wet,1,6-9.vii.2010,MalaiseTrap
Sphaeroceridae,Dahlimosina ,Dahlimosina dahli,1,Schefferville,NL,SA,E,54.7597,-66.7112,Wet,1,6-9.vii.2010,PanTrap
Sphaeroceridae,0,Limosininae sp. B,1,Schefferville,NL,SA,E,54.7597,-66.7112,Wet,1,30.vi-3.vii.2010,PanTrap
Sphaeroceridae,0,Limosininae sp. B,1,Schefferville,NL,SA,E,54.7597,-66.7112,Wet,1,3-6.vii.2010,PanTrap
Sphaeroceridae,0,Limosininae sp. B,1,Schefferville,NL,SA,E,54.7597,-66.7112,Wet,1,6-9.vii.2010,PanTrap
Sphaeroceridae,Pullimosina,Pullimosina pullula,1,Schefferville,NL,SA,E,54.7597,-66.7112,Wet,1,3-6.vii.2010,PanTrap
Sphaeroceridae,Spelobia,Spelobia sp. D,1,Schefferville,NL,SA,E,54.7597,-66.7112,Wet,1,6-9.vii.2010,MalaiseTrap
Sphaeroceridae,Terrilimosina,Terrilimosina schmitzi,1,Schefferville,NL,SA,E,54.7597,-66.7112,Wet,1,3-6.vii.2010,PanTrap
Chloropidae,Dasyopa,Dasyopa sp. B,2,Schefferville,QC,SA,E,54.85262,-66.66897,Wet,2,3-6.vii.2010,MalaiseTrap
Chloropidae,Oscinella,Oscinella sp. A,1,Schefferville,QC,SA,E,54.85262,-66.66897,Wet,2,3-6.vii.2010,PanTrap
Chloropidae,Oscinella,Oscinella sp. A,1,Schefferville,QC,SA,E,54.85262,-66.66897,Wet,2,6-9.vii.2010,PanTrap
Chloropidae,Oscinella,Oscinella sp. D,2,Schefferville,QC,SA,E,54.85262,-66.66897,Wet,2,6-9.vii.2010,PanTrap
Chloropidae,Thaumatomyia,Thaumatomyia pulla (Adams),1,Schefferville,QC,SA,E,54.85262,-66.66897,Wet,2,30.vi-3.vii.2010,PanTrap
Chloropidae,Thaumatomyia,Thaumatomyia pulla (Adams),10,Schefferville,QC,SA,E,54.85262,-66.66897,Wet,2,6-9.vii.2010,PanTrap
Sciomyzidae,Dictya,Dictya hudsonica Steyskal,1,Schefferville,QC,SA,E,54.85262,-66.66897,Wet,2,3-6.vii.2010,PanTrap
Sciomyzidae,Pherbellia,Pherbellia sp. B,1,Schefferville,QC,SA,E,54.85262,-66.66897,Wet,2,3-6.vii.2010,MalaiseTrap
Sphaeroceridae,Dahlimosina ,Dahlimosina dahli,1,Schefferville,QC,SA,E,54.85262,-66.66897,Wet,2,3-6.vii.2010,PanTrap
Sphaeroceridae,Dahlimosina ,Dahlimosina dahli,2,Schefferville,QC,SA,E,54.85262,-66.66897,Wet,2,6-9.vii.2010,PanTrap
Sphaeroceridae,0,Limosininae sp. B,1,Schefferville,QC,SA,E,54.85262,-66.66897,Wet,2,3-6.vii.2010,PanTrap
Sphaeroceridae,Pullimosina,Pullimosina pullula,1,Schefferville,QC,SA,E,54.85262,-66.66897,Wet,2,3-6.vii.2010,PanTrap
Sphaeroceridae,Pullimosina,Pullimosina pullula,1,Schefferville,QC,SA,E,54.85262,-66.66897,Wet,2,6-9.vii.2010,PanTrap
Sphaeroceridae,Spelobia,Spelobia sp. D,1,Schefferville,QC,SA,E,54.85262,-66.66897,Wet,2,3-6.vii.2010,MalaiseTrap
Chloropidae,Thaumatomyia,Thaumatomyia pulla (Adams),7,Schefferville,QC,SA,E,54.8535,-66.67043,Wet,3,6-9.vii.2010,PanTrap
Heleomyzidae,Heteromyza,Heteromyza oculata ,1,Schefferville,QC,SA,E,54.8535,-66.67043,Wet,3,30.vi-3.vii.2010,MalaiseTrap
Sphaeroceridae,Dahlimosina ,Dahlimosina dahli,1,Schefferville,QC,SA,E,54.8535,-66.67043,Wet,3,3-6.vii.2010,PanTrap
Chloropidae,Chlorops,Chlorops sp. C,2,Tombstone_Mountains,YT,SA,W,64.6056,-138.36143,Mesic,1,27.vi-01.vii.2011,PanTrap
Chloropidae,Pseudopachyceata,Pseudopachyceata ruficeps,1,Tombstone_Mountains,YT,SA,W,64.6056,-138.36143,Mesic,1,21-24.vi.2011,MalaiseTrap
Chloropidae,Pseudopachyceata,Pseudopachyceata ruficeps,2,Tombstone_Mountains,YT,SA,W,64.6056,-138.36143,Mesic,1,01.vii.2011,Sweep
Heleomyzidae,0,Heleomyzidae sp. B,1,Tombstone_Mountains,YT,SA,W,64.6056,-138.36143,Mesic,1,21-24.vi.2011,MalaiseTrap
Heleomyzidae,Neoleria,Neoleria ruficauda,1,Tombstone_Mountains,YT,SA,W,64.6056,-138.36143,Mesic,1,21-24.vi.2011,MalaiseTrap
Piophilidae,Neopiophila,Neopiophila setaluna,1,Tombstone_Mountains,YT,SA,W,64.6056,-138.36143,Mesic,1,27.vi.2011,Sweep
Sciomyzidae,Pherbellia,Pherbellia sp. H,1,Tombstone_Mountains,YT,SA,W,64.6056,-138.36143,Mesic,1,21-24.vi.2011,MalaiseTrap
Sciomyzidae,Pteromicra,Pteromicra steyskali Foote,1,Tombstone_Mountains,YT,SA,W,64.6056,-138.36143,Mesic,1,27.vi-01.vii.2011,PanTrap
Sphaeroceridae,Copromyza,Copromyza sp. B,6,Tombstone_Mountains,YT,SA,W,64.6056,-138.36143,Mesic,1,21-24.vi.2011,MalaiseTrap
Sphaeroceridae,Dahlimosina ,Dahlimosina dahli,2,Tombstone_Mountains,YT,SA,W,64.6056,-138.36143,Mesic,1,21-24.vi.2011,PanTrap
Sphaeroceridae,Dahlimosina ,Dahlimosina dahli,1,Tombstone_Mountains,YT,SA,W,64.6056,-138.36143,Mesic,1,24-27.vi.2011,PanTrap
Sphaeroceridae,Spelobia,Spelobia sp. G,2,Tombstone_Mountains,YT,SA,W,64.6056,-138.36143,Mesic,1,27.vi-01.vii.2011,PanTrap
Sphaeroceridae,Spelobia,Spelobia sp. H,1,Tombstone_Mountains,YT,SA,W,64.6056,-138.36143,Mesic,1,24-27.vi.2011,PanTrap
Acartolphtamildae,Acartophtalmus,Acartophtalmus nigrinus (Zett),5,Tombstone_Mountains,YT,SA,W,64.59915,-138.30611,Mesic,2,24-27.vi.2011,MalaiseTrap
Carnidae,Meonura,Meonura triangularis Collin,1,Tombstone_Mountains,YT,SA,W,64.59915,-138.30611,Mesic,2,24.vi.2011,Sweep
Chamaemyiidae,Chamaemyia,Chamaemyia herbarum,1,Tombstone_Mountains,YT,SA,W,64.59915,-138.30611,Mesic,2,24.vi.2011,Sweep
Chloropidae,Aphanotrigonum ,Aphanotrigonum scabrum,1,Tombstone_Mountains,YT,SA,W,64.59915,-138.30611,Mesic,2,24-27.vi.2011,PanTrap
Chloropidae,Conioscinella,Conioscinella sp. D,1,Tombstone_Mountains,YT,SA,W,64.59915,-138.30611,Mesic,2,27.vi-01.vii.2011,PanTrap
Chloropidae,Thaumatomyia,Thaumatomyia trifasciata (Zett),1,Tombstone_Mountains,YT,SA,W,64.59915,-138.30611,Mesic,2,27.vi.2011,Sweep
Chloropidae,Tricimba,Tricimba melamonolica,1,Tombstone_Mountains,YT,SA,W,64.59915,-138.30611,Mesic,2,24.vi.2011,Sweep
Drosophilidae,Drosophila,Drosophila rellima Wheeler,1,Tombstone_Mountains,YT,SA,W,64.59915,-138.30611,Mesic,2,24-27.vi.2011,MalaiseTrap
Dryomyzidae,Dryomyza,Dryomyza sp. B,1,Tombstone_Mountains,YT,SA,W,64.59915,-138.30611,Mesic,2,24-27.vi.2011,MalaiseTrap
Ephydridae,Philygria,Philygria nigrescens,1,Tombstone_Mountains,YT,SA,W,64.59915,-138.30611,Mesic,2,24-27.vi.2011,PanTrap
Heleomyzidae,Heteromyza,Heteromyza oculata ,1,Tombstone_Mountains,YT,SA,W,64.59915,-138.30611,Mesic,2,24-27.vi.2011,MalaiseTrap
Piophilidae,Parapiophila,Parapiophila pectiniventris,2,Tombstone_Mountains,YT,SA,W,64.59915,-138.30611,Mesic,2,24-27.vi.2011,MalaiseTrap
Sciomyzidae,Pherbellia,Pherbellia sp. P,1,Tombstone_Mountains,YT,SA,W,64.59915,-138.30611,Mesic,2,24-27.vi.2011,MalaiseTrap
Sciomyzidae,Pteromicra,Pteromicra ?nigrimana,1,Tombstone_Mountains,YT,SA,W,64.59915,-138.30611,Mesic,2,27.vi.2011,Sweep
Sciomyzidae,Pteromicra,Pteromicra steyskali Foote,1,Tombstone_Mountains,YT,SA,W,64.59915,-138.30611,Mesic,2,24-27.vi.2011,MalaiseTrap
Sciomyzidae,Pteromicra,Pteromicra steyskali Foote,2,Tombstone_Mountains,YT,SA,W,64.59915,-138.30611,Mesic,2,21-24.vi.2011,PanTrap
Sciomyzidae,Pteromicra,Pteromicra steyskali Foote,4,Tombstone_Mountains,YT,SA,W,64.59915,-138.30611,Mesic,2,24-27.vi.2011,PanTrap
Sciomyzidae,Pteromicra,Pteromicra steyskali Foote,1,Tombstone_Mountains,YT,SA,W,64.59915,-138.30611,Mesic,2,27.vi-01.vii.2011,PanTrap
Sciomyzidae,Tetanocera,Tetanocera plebeja Loew,2,Tombstone_Mountains,YT,SA,W,64.59915,-138.30611,Mesic,2,24-27.vi.2011,MalaiseTrap
Sphaeroceridae,Copromyza,Copromyza sp. B,1,Tombstone_Mountains,YT,SA,W,64.59915,-138.30611,Mesic,2,24-27.vi.2011,MalaiseTrap
Sphaeroceridae,0,Limosininae sp. A,1,Tombstone_Mountains,YT,SA,W,64.59915,-138.30611,Mesic,2,24-27.vi.2011,PanTrap
Sphaeroceridae,Norrbomia,Norrbomia fumipennis,1,Tombstone_Mountains,YT,SA,W,64.59915,-138.30611,Mesic,2,24.vi.2011,Sweep
Sphaeroceridae,Spelobia,Spelobia sp. H,1,Tombstone_Mountains,YT,SA,W,64.59915,-138.30611,Mesic,2,24-27.vi.2011,PanTrap
Sphaeroceridae,Spelobia,Spelobia sp. K,1,Tombstone_Mountains,YT,SA,W,64.59915,-138.30611,Mesic,2,21-24.vi.2011,PanTrap
Acartolphtamildae,Acartophtalmus,Acartophtalmus nigrinus (Zett),9,Tombstone_Mountains,YT,SA,W,64.58353,-138.26843,Mesic,3,27.vi-01.vii.2011,MalaiseTrap
Carnidae,Meonura,Meonura sp. A,1,Tombstone_Mountains,YT,SA,W,64.58353,-138.26843,Mesic,3,27.vi-01.vii.2011,PanTrap
Carnidae,Meonura,Meonura triangularis Collin,1,Tombstone_Mountains,YT,SA,W,64.58353,-138.26843,Mesic,3,24-27.vi.2011,PanTrap
Carnidae,Meonura,Meonura triangularis Collin,1,Tombstone_Mountains,YT,SA,W,64.58353,-138.26843,Mesic,3,27.vi-01.vii.2011,PanTrap
Chloropidae,Aphanotrigonum ,Aphanotrigonum scabrum,3,Tombstone_Mountains,YT,SA,W,64.58353,-138.26843,Mesic,3,27.vi-01.vii.2011,PanTrap
Chloropidae,Conioscinella,Conioscinella sp. D,1,Tombstone_Mountains,YT,SA,W,64.58353,-138.26843,Mesic,3,27.vi-01.vii.2011,PanTrap
Chloropidae,Oscinella,Oscinella sp. D,1,Tombstone_Mountains,YT,SA,W,64.58353,-138.26843,Mesic,3,30.vi.2011,Sweep
Chloropidae,Thaumatomyia,Thaumatomyia trifasciata (Zett),1,Tombstone_Mountains,YT,SA,W,64.58353,-138.26843,Mesic,3,27.vi-01.vii.2011,MalaiseTrap
Drosophilidae,Scaptomyza,Scaptomyza  (Hemiscaptomyza) sp. B,1,Tombstone_Mountains,YT,SA,W,64.58353,-138.26843,Mesic,3,27.vi-01.vii.2011,MalaiseTrap
Heleomyzidae,Amoebaleria,Amoebaleria perplexa,1,Tombstone_Mountains,YT,SA,W,64.58353,-138.26843,Mesic,3,27.vi-01.vii.2011,PanTrap
Heleomyzidae,Borboropsis,Borboropsis puberulia,2,Tombstone_Mountains,YT,SA,W,64.58353,-138.26843,Mesic,3,27.vi-01.vii.2011,MalaiseTrap
Heleomyzidae,Neoleria,Neoleria ruficauda,1,Tombstone_Mountains,YT,SA,W,64.58353,-138.26843,Mesic,3,27.vi-01.vii.2011,MalaiseTrap
Heleomyzidae,Scoliocentra,Scoliocentra fraterna,1,Tombstone_Mountains,YT,SA,W,64.58353,-138.26843,Mesic,3,27.vi-01.vii.2011,MalaiseTrap
Heleomyzidae,Tephroclamys,Tephroclamys rufiventris,1,Tombstone_Mountains,YT,SA,W,64.58353,-138.26843,Mesic,3,27.vi-01.vii.2011,MalaiseTrap
Lauxaniidae,Sapromyza,Sapromyza sp. A,2,Tombstone_Mountains,YT,SA,W,64.58353,-138.26843,Mesic,3,27.vi-01.vii.2011,MalaiseTrap
Piophilidae,Parapiophila,Parapiophila kugluktuk,1,Tombstone_Mountains,YT,SA,W,64.58353,-138.26843,Mesic,3,27.vi-01.vii.2011,PanTrap
Sciomyzidae,Tetanocera,Tetanocera ?montana Day,1,Tombstone_Mountains,YT,SA,W,64.58353,-138.26843,Mesic,3,30.vi.2011,Sweep
Sphaeroceridae,Dahlimosina ,Dahlimosina dahli,1,Tombstone_Mountains,YT,SA,W,64.58353,-138.26843,Mesic,3,24-27.vi.2011,PanTrap
Sphaeroceridae,0,Limosininae sp. A,1,Tombstone_Mountains,YT,SA,W,64.58353,-138.26843,Mesic,3,24-27.vi.2011,PanTrap
Sphaeroceridae,0,Limosininae sp. A,1,Tombstone_Mountains,YT,SA,W,64.58353,-138.26843,Mesic,3,27.vi-01.vii.2011,PanTrap
Sphaeroceridae,Norrbomia,Norrbomia fumipennis,3,Tombstone_Mountains,YT,SA,W,64.58353,-138.26843,Mesic,3,27.vi-01.vii.2011,PanTrap
Sphaeroceridae,Spelobia,Spelobia sp. G,2,Tombstone_Mountains,YT,SA,W,64.58353,-138.26843,Mesic,3,21-24.vi.2011,PanTrap
Sphaeroceridae,Spelobia,Spelobia sp. G,2,Tombstone_Mountains,YT,SA,W,64.58353,-138.26843,Mesic,3,27.vi-01.vii.2011,PanTrap
Sphaeroceridae,Spelobia,Spelobia sp. K,2,Tombstone_Mountains,YT,SA,W,64.58353,-138.26843,Mesic,3,24-27.vi.2011,PanTrap
Sphaeroceridae,Spelobia,Spelobia sp. K,2,Tombstone_Mountains,YT,SA,W,64.58353,-138.26843,Mesic,3,27.vi-01.vii.2011,PanTrap
Sphaeroceridae,Spelobia,Spelobia sp. K,1,Tombstone_Mountains,YT,SA,W,64.58353,-138.26843,Mesic,3,24.vi.2011,Sweep
Acartolphtamildae,Acartophtalmus,Acartophtalmus nigrinus (Zett),2,Tombstone_Mountains,YT,SA,W,64.60629,-138.35637,Wet,1,21-24.vi.2011,MalaiseTrap
Carnidae,Meonura,Meonura flavifacies Collin,1,Tombstone_Mountains,YT,SA,W,64.60629,-138.35637,Wet,1,21-24.vi.2011,MalaiseTrap
Carnidae,Meonura,Meonura sp. B,1,Tombstone_Mountains,YT,SA,W,64.60629,-138.35637,Wet,1,21-24.vi.2011,MalaiseTrap
Carnidae,Meonura,Meonura vagans,2,Tombstone_Mountains,YT,SA,W,64.60629,-138.35637,Wet,1,21-24.vi.2011,MalaiseTrap
Chloropidae,Aphanotrigonum ,Aphanotrigonum scabrum,1,Tombstone_Mountains,YT,SA,W,64.60629,-138.35637,Wet,1,24-27.vi.2011,PanTrap
Chloropidae,Chlorops,Chlorops sp. C,2,Tombstone_Mountains,YT,SA,W,64.60629,-138.35637,Wet,1,27.vi-01.vii.2011,PanTrap
Chloropidae,Elachiptera,Elachiptera decipens,2,Tombstone_Mountains,YT,SA,W,64.60629,-138.35637,Wet,1,21-24.vi.2011,MalaiseTrap
Chloropidae,Elachiptera,Elachiptera decipens,1,Tombstone_Mountains,YT,SA,W,64.60629,-138.35637,Wet,1,24-27.vi.2011,PanTrap
Chloropidae,Oscinella,Oscinella sp. D,1,Tombstone_Mountains,YT,SA,W,64.60629,-138.35637,Wet,1,21-24.vi.2011,PanTrap
Chloropidae,Oscinella,Oscinella sp. D,2,Tombstone_Mountains,YT,SA,W,64.60629,-138.35637,Wet,1,24-27.vi.2011,PanTrap
Chloropidae,Oscinella,Oscinella sp. D,2,Tombstone_Mountains,YT,SA,W,64.60629,-138.35637,Wet,1,27.vi-01.vii.2011,PanTrap
Chloropidae,Pseudopachyceata,Pseudopachyceata ruficeps,2,Tombstone_Mountains,YT,SA,W,64.60629,-138.35637,Wet,1,21-24.vi.2011,MalaiseTrap
Chloropidae,Pseudopachyceata,Pseudopachyceata ruficeps,1,Tombstone_Mountains,YT,SA,W,64.60629,-138.35637,Wet,1,27.vi.2011,Sweep
Drosophilidae,Drosophila,Drosophila rellima Wheeler,1,Tombstone_Mountains,YT,SA,W,64.60629,-138.35637,Wet,1,21-24.vi.2011,PanTrap
Drosophilidae,Drosophila,Drosophila rellima Wheeler,6,Tombstone_Mountains,YT,SA,W,64.60629,-138.35637,Wet,1,24-27.vi.2011,PanTrap
Heleomyzidae,Amoebaleria,Amoebaleria perplexa,1,Tombstone_Mountains,YT,SA,W,64.60629,-138.35637,Wet,1,21-24.vi.2011,MalaiseTrap
Heleomyzidae,Heteromyza,Heteromyza oculata ,2,Tombstone_Mountains,YT,SA,W,64.60629,-138.35637,Wet,1,21-24.vi.2011,MalaiseTrap
Heleomyzidae,Neoleria,Neoleria ruficauda,1,Tombstone_Mountains,YT,SA,W,64.60629,-138.35637,Wet,1,21-24.vi.2011,MalaiseTrap
Heleomyzidae,Tephroclamys,Tephroclamys rufiventris,2,Tombstone_Mountains,YT,SA,W,64.60629,-138.35637,Wet,1,21-24.vi.2011,MalaiseTrap
Sciomyzidae,Pherbellia,Pherbellia sp. M,1,Tombstone_Mountains,YT,SA,W,64.60629,-138.35637,Wet,1,21-24.vi.2011,MalaiseTrap
Sepsidae,Themira,Themira notmani Curran,1,Tombstone_Mountains,YT,SA,W,64.60629,-138.35637,Wet,1,21-24.vi.2011,MalaiseTrap
Sphaeroceridae,Aptilatus,Aptilatus ?borealis,1,Tombstone_Mountains,YT,SA,W,64.60629,-138.35637,Wet,1,21-24.vi.2011,PanTrap
Sphaeroceridae,Copromyza,Copromyza sp. B,10,Tombstone_Mountains,YT,SA,W,64.60629,-138.35637,Wet,1,21-24.vi.2011,MalaiseTrap
Sphaeroceridae,Dahlimosina ,Dahlimosina dahli,2,Tombstone_Mountains,YT,SA,W,64.60629,-138.35637,Wet,1,21-24.vi.2011,PanTrap
Sphaeroceridae,Dahlimosina ,Dahlimosina dahli,1,Tombstone_Mountains,YT,SA,W,64.60629,-138.35637,Wet,1,24-27.vi.2011,PanTrap
Sphaeroceridae,Dahlimosina ,Dahlimosina dahli,6,Tombstone_Mountains,YT,SA,W,64.60629,-138.35637,Wet,1,27.vi-01.vii.2011,PanTrap
Sphaeroceridae,0,Limosininae sp. A,1,Tombstone_Mountains,YT,SA,W,64.60629,-138.35637,Wet,1,24-27.vi.2011,PanTrap
Sphaeroceridae,0,Limosininae sp. E,1,Tombstone_Mountains,YT,SA,W,64.60629,-138.35637,Wet,1,24-27.vi.2011,PanTrap
Sphaeroceridae,0,Limosininae sp. G,1,Tombstone_Mountains,YT,SA,W,64.60629,-138.35637,Wet,1,24-27.vi.2011,PanTrap
Sphaeroceridae,Norrbomia,Norrbomia fumipennis,1,Tombstone_Mountains,YT,SA,W,64.60629,-138.35637,Wet,1,21-24.vi.2011,MalaiseTrap
Sphaeroceridae,Spelobia,Spelobia sp. E,2,Tombstone_Mountains,YT,SA,W,64.60629,-138.35637,Wet,1,21-24.vi.2011,MalaiseTrap
Sphaeroceridae,Spelobia,Spelobia sp. G,1,Tombstone_Mountains,YT,SA,W,64.60629,-138.35637,Wet,1,24-27.vi.2011,PanTrap
Sphaeroceridae,Spelobia,Spelobia sp. G,1,Tombstone_Mountains,YT,SA,W,64.60629,-138.35637,Wet,1,27.vi-01.vii.2011,PanTrap
Sphaeroceridae,Spelobia,Spelobia sp. H,1,Tombstone_Mountains,YT,SA,W,64.60629,-138.35637,Wet,1,21-24.vi.2011,PanTrap
Acartolphtamildae,Acartophtalmus,Acartophtalmus nigrinus (Zett),2,Tombstone_Mountains,YT,SA,W,64.59736,-138.31009,Wet,2,24-27.vi.2011,MalaiseTrap
Chloropidae,Chlorops,Chlorops sp. C,1,Tombstone_Mountains,YT,SA,W,64.59736,-138.31009,Wet,2,27.vi-01.vii.2011,PanTrap
Chloropidae,Conioscinella,Conioscinella sp. D,1,Tombstone_Mountains,YT,SA,W,64.59736,-138.31009,Wet,2,27.vi-01.vii.2011,PanTrap
Chloropidae,Elachiptera,Elachiptera decipens,1,Tombstone_Mountains,YT,SA,W,64.59736,-138.31009,Wet,2,24-27.vi.2011,MalaiseTrap
Chloropidae,Thaumatomyia,Thaumatomyia pullipes,1,Tombstone_Mountains,YT,SA,W,64.59736,-138.31009,Wet,2,24-27.vi.2011,MalaiseTrap
Chloropidae,Thaumatomyia,Thaumatomyia trifasciata (Zett),1,Tombstone_Mountains,YT,SA,W,64.59736,-138.31009,Wet,2,24-27.vi.2011,MalaiseTrap
Dryomyzidae,Dryomyza,Dryomyza sp. C,1,Tombstone_Mountains,YT,SA,W,64.59736,-138.31009,Wet,2,24-27.vi.2011,MalaiseTrap
Heleomyzidae,Neoleria,Neoleria prominens,1,Tombstone_Mountains,YT,SA,W,64.59736,-138.31009,Wet,2,24-27.vi.2011,MalaiseTrap
Heleomyzidae,Neoleria,Neoleria ruficauda,1,Tombstone_Mountains,YT,SA,W,64.59736,-138.31009,Wet,2,24-27.vi.2011,MalaiseTrap
Heleomyzidae,Neoleria,Neoleria ruficauda,1,Tombstone_Mountains,YT,SA,W,64.59736,-138.31009,Wet,2,01.vii.2011,Sweep
Heleomyzidae,Scoliocentra,Scoliocentra fraterna,2,Tombstone_Mountains,YT,SA,W,64.59736,-138.31009,Wet,2,24-27.vi.2011,MalaiseTrap
Milichiidae,Phyllomyza,Phyllomyza sp. A,1,Tombstone_Mountains,YT,SA,W,64.59736,-138.31009,Wet,2,24-27.vi.2011,MalaiseTrap
Piophilidae,Actenoptera,Actenoptera hillarela,4,Tombstone_Mountains,YT,SA,W,64.59736,-138.31009,Wet,2,24-27.vi.2011,MalaiseTrap
Piophilidae,Boreopiophila,Boreopiophila tomentosa,1,Tombstone_Mountains,YT,SA,W,64.59736,-138.31009,Wet,2,24-27.vi.2011,MalaiseTrap
Piophilidae,Parapiophila,Parapiophila kugluktuk,1,Tombstone_Mountains,YT,SA,W,64.59736,-138.31009,Wet,2,24-27.vi.2011,PanTrap
Sciomyzidae,Pherbellia,Pherbellia schoenherri maculata (Cresson),1,Tombstone_Mountains,YT,SA,W,64.59736,-138.31009,Wet,2,21-24.vi.2011,PanTrap
Sciomyzidae,Pherbellia,Pherbellia sp. Q,1,Tombstone_Mountains,YT,SA,W,64.59736,-138.31009,Wet,2,24-27.vi.2011,MalaiseTrap
Sphaeroceridae,Copromyza,Copromyza sp. B,2,Tombstone_Mountains,YT,SA,W,64.59736,-138.31009,Wet,2,24-27.vi.2011,MalaiseTrap
Sphaeroceridae,Copromyza,Copromyza sp. B,1,Tombstone_Mountains,YT,SA,W,64.59736,-138.31009,Wet,2,21-24.vi.2011,PanTrap
Sphaeroceridae,Dahlimosina ,Dahlimosina dahli,3,Tombstone_Mountains,YT,SA,W,64.59736,-138.31009,Wet,2,27.vi-01.vii.2011,PanTrap
Sphaeroceridae,0,Limosininae sp. A,2,Tombstone_Mountains,YT,SA,W,64.59736,-138.31009,Wet,2,27.vi-01.vii.2011,PanTrap
Sphaeroceridae,Norrbomia,Norrbomia fumipennis,1,Tombstone_Mountains,YT,SA,W,64.59736,-138.31009,Wet,2,24-27.vi.2011,MalaiseTrap
Sphaeroceridae,Norrbomia,Norrbomia fumipennis,1,Tombstone_Mountains,YT,SA,W,64.59736,-138.31009,Wet,2,21-24.vi.2011,PanTrap
Sphaeroceridae,Norrbomia,Norrbomia fumipennis,1,Tombstone_Mountains,YT,SA,W,64.59736,-138.31009,Wet,2,24-27.vi.2011,PanTrap
Sphaeroceridae,Norrbomia,Norrbomia fumipennis,2,Tombstone_Mountains,YT,SA,W,64.59736,-138.31009,Wet,2,21-24.vi.2011,PanTrap
Sphaeroceridae,Norrbomia,Norrbomia fumipennis,2,Tombstone_Mountains,YT,SA,W,64.59736,-138.31009,Wet,2,21-24.vi.2011,PanTrap
Sphaeroceridae,Spelobia,Spelobia sp. K,1,Tombstone_Mountains,YT,SA,W,64.59736,-138.31009,Wet,2,24-27.vi.2011,MalaiseTrap
Acartolphtamildae,Acartophtalmus,Acartophtalmus nigrinus (Zett),9,Tombstone_Mountains,YT,SA,W,64.57942,-138.28212,Wet,3,27.vi-01.vii.2011,MalaiseTrap
Chamaemyiidae,Chamaemyia,Chamaemyia herbarum,1,Tombstone_Mountains,YT,SA,W,64.57942,-138.28212,Wet,3,01.vii.2011,Sweep
Chloropidae,Chlorops,Chlorops sp. C,1,Tombstone_Mountains,YT,SA,W,64.57942,-138.28212,Wet,3,27.vi-01.vii.2011,MalaiseTrap
Chloropidae,Conioscinella,Conioscinella sp. D,1,Tombstone_Mountains,YT,SA,W,64.57942,-138.28212,Wet,3,27.vi-01.vii.2011,PanTrap
Chloropidae,Dasyopa,Dasyopa sp. D,1,Tombstone_Mountains,YT,SA,W,64.57942,-138.28212,Wet,3,27.vi-01.vii.2011,PanTrap
Chloropidae,Rhopalopterum,Rhopalopterum sp. E,1,Tombstone_Mountains,YT,SA,W,64.57942,-138.28212,Wet,3,24.vi.2011,Sweep
Chloropidae,Siphonella,Siphonella oscinina (Fallén),1,Tombstone_Mountains,YT,SA,W,64.57942,-138.28212,Wet,3,27.vi-01.vii.2011,MalaiseTrap
Chloropidae,Thaumatomyia,Thaumatomyia trifasciata (Zett),1,Tombstone_Mountains,YT,SA,W,64.57942,-138.28212,Wet,3,27.vi-01.vii.2011,MalaiseTrap
Ephydridae,Scatophila,Scatophila n.sp. C,1,Tombstone_Mountains,YT,SA,W,64.57942,-138.28212,Wet,3,27.vi.2011,Sweep
Heleomyzidae,Scoliocentra,Scoliocentra fraterna,1,Tombstone_Mountains,YT,SA,W,64.57942,-138.28212,Wet,3,27.vi-01.vii.2011,MalaiseTrap
Piophilidae,Neopiophila,Neopiophila setaluna,1,Tombstone_Mountains,YT,SA,W,64.57942,-138.28212,Wet,3,21-24.vi.2011,PanTrap
Piophilidae,Neopiophila,Neopiophila setaluna,1,Tombstone_Mountains,YT,SA,W,64.57942,-138.28212,Wet,3,27.vi-01.vii.2011,PanTrap
Sciomyzidae,Pherbellia,Pherbellia schoenherri maculata (Cresson),1,Tombstone_Mountains,YT,SA,W,64.57942,-138.28212,Wet,3,24-27.vi.2011,PanTrap
Sciomyzidae,Pteromicra,Pteromicra steyskali Foote,2,Tombstone_Mountains,YT,SA,W,64.57942,-138.28212,Wet,3,21-24.vi.2011,PanTrap
Sciomyzidae,Pteromicra,Pteromicra steyskali Foote,2,Tombstone_Mountains,YT,SA,W,64.57942,-138.28212,Wet,3,24-27.vi.2011,PanTrap
Sciomyzidae,Pteromicra,Pteromicra steyskali Foote,2,Tombstone_Mountains,YT,SA,W,64.57942,-138.28212,Wet,3,27.vi-01.vii.2011,PanTrap
Sciomyzidae,Tetanocera,Tetanocera ?montana Day,1,Tombstone_Mountains,YT,SA,W,64.57942,-138.28212,Wet,3,27.vi-01.vii.2011,MalaiseTrap
Sciomyzidae,Tetanocera,Tetanocera ?montana Day,1,Tombstone_Mountains,YT,SA,W,64.57942,-138.28212,Wet,3,24.vi.2011,Sweep
Sciomyzidae,Tetanocera,Tetanocera spririfera,1,Tombstone_Mountains,YT,SA,W,64.57942,-138.28212,Wet,3,24-27.vi.2011,PanTrap
Sciomyzidae,Tetanocera,Tetanocera spririfera,1,Tombstone_Mountains,YT,SA,W,64.57942,-138.28212,Wet,3,27.vi-01.vii.2011,PanTrap
Sciomyzidae,Tetanocera,Tetanocera spririfera,2,Tombstone_Mountains,YT,SA,W,64.57942,-138.28212,Wet,3,24.vi.2011,Sweep
Sphaeroceridae,Aptilatus,Aptilatus spatulatus,1,Tombstone_Mountains,YT,SA,W,64.57942,-138.28212,Wet,3,24-27.vi.2011,PanTrap
Sphaeroceridae,Dahlimosina ,Dahlimosina dahli,1,Tombstone_Mountains,YT,SA,W,64.57942,-138.28212,Wet,3,27.vi-01.vii.2011,PanTrap
Sphaeroceridae,Norrbomia,Norrbomia fumipennis,1,Tombstone_Mountains,YT,SA,W,64.57942,-138.28212,Wet,3,27.vi-01.vii.2011,MalaiseTrap
Sphaeroceridae,Norrbomia,Norrbomia fumipennis,1,Tombstone_Mountains,YT,SA,W,64.57942,-138.28212,Wet,3,01.vii.2011,Sweep
Sphaeroceridae,Pteremis,Pteremis wirthi,2,Tombstone_Mountains,YT,SA,W,64.57942,-138.28212,Wet,3,21-24.vi.2011,PanTrap
Sphaeroceridae,Pteremis,Pteremis wirthi,1,Tombstone_Mountains,YT,SA,W,64.57942,-138.28212,Wet,3,24-27.vi.2011,PanTrap
Sphaeroceridae,Pteremis,Pteremis wirthi,1,Tombstone_Mountains,YT,SA,W,64.57942,-138.28212,Wet,3,27.vi-01.vii.2011,PanTrap
Sphaeroceridae,Spelobia,Spelobia sp. G,1,Tombstone_Mountains,YT,SA,W,64.57942,-138.28212,Wet,3,21-24.vi.2011,PanTrap
Sphaeroceridae,Spelobia,Spelobia sp. H,1,Tombstone_Mountains,YT,SA,W,64.57942,-138.28212,Wet,3,24-27.vi.2011,PanTrap
Sphaeroceridae,Spelobia,Spelobia sp. I,1,Tombstone_Mountains,YT,SA,W,64.57942,-138.28212,Wet,3,27.vi-01.vii.2011,MalaiseTrap
Sphaeroceridae,Spelobia,Spelobia sp. K,1,Tombstone_Mountains,YT,SA,W,64.57942,-138.28212,Wet,3,24-27.vi.2011,PanTrap
Sphaeroceridae,Spelobia,Spelobia sp. K,1,Tombstone_Mountains,YT,SA,W,64.57942,-138.28212,Wet,3,27.vi-01.vii.2011,PanTrap
Chloropidae,Conioscinella ,Conioscinella sp. A,40,Yellowknife,NT,NB,W,62.5107,-113.39479,Mesic,1,7-11.vi.2011,PanTrap
Chloropidae,Conioscinella ,Conioscinella sp. A,62,Yellowknife,NT,NB,W,62.5107,-113.39479,Mesic,1,11-15.vi.2011,PanTrap
Chloropidae,Conioscinella ,Conioscinella sp. A,39,Yellowknife,NT,NB,W,62.5107,-113.39479,Mesic,1,15-18.vi.2011,PanTrap
Chloropidae,Dasyopa,Dasyopa sp. A,1,Yellowknife,NT,NB,W,62.5107,-113.39479,Mesic,1,11-15.vi.2011,PanTrap
Chloropidae,Oscinella,Oscinella sp. A,1,Yellowknife,NT,NB,W,62.5107,-113.39479,Mesic,1,15-18.vi.2011,PanTrap
Chloropidae,Oscinella,Oscinella sp. D,2,Yellowknife,NT,NB,W,62.5107,-113.39479,Mesic,1,15-18.vi.2011,PanTrap
Chloropidae,Thaumatomyia,Thaumatomyia annulata (Walker),1,Yellowknife,NT,NB,W,62.5107,-113.39479,Mesic,1,7-11.vi.2011,MalaiseTrap
Chloropidae,Tricimba,Tricimba cincta,3,Yellowknife,NT,NB,W,62.5107,-113.39479,Mesic,1,7-11.vi.2011,MalaiseTrap
Chloropidae,Tricimba,Tricimba melamonolica,1,Yellowknife,NT,NB,W,62.5107,-113.39479,Mesic,1,7-11.vi.2011,MalaiseTrap
Chloropidae,Tricimba,Tricimba melamonolica,1,Yellowknife,NT,NB,W,62.5107,-113.39479,Mesic,1,7-11.vi.2011,PanTrap
Clusiidae,Clusiodes,Clusiodes ater,4,Yellowknife,NT,NB,W,62.5107,-113.39479,Mesic,1,7-11.vi.2011,MalaiseTrap
Clusiidae,Clusiodes,Clusiodes clandestinus,3,Yellowknife,NT,NB,W,62.5107,-113.39479,Mesic,1,7-11.vi.2011,MalaiseTrap
Heleomyzidae,Suillia,Suillia apicalis,2,Yellowknife,NT,NB,W,62.5107,-113.39479,Mesic,1,7-11.vi.2011,MalaiseTrap
Milichiidae,Neophyllomyza,Neophyllomyza quadricornis,1,Yellowknife,NT,NB,W,62.5107,-113.39479,Mesic,1,7-11.vi.2011,PanTrap
Sphaeroceridae,Pseudocollinella,Pseudocollinella sp. C,1,Yellowknife,NT,NB,W,62.5107,-113.39479,Mesic,1,7-11.vi.2011,MalaiseTrap
Chamaemyiidae,Chamaemyia,Chamaemyia herbarum,44,Yellowknife,NT,NB,W,62.50293,-113.40479,Mesic,2,18.vi.2011,Sweep
Chloropidae,Conioscinella ,Conioscinella sp. A,22,Yellowknife,NT,NB,W,62.50293,-113.40479,Mesic,2,7-11.vi.2011,PanTrap
Chloropidae,Conioscinella ,Conioscinella sp. A,76,Yellowknife,NT,NB,W,62.50293,-113.40479,Mesic,2,11-15.vi.2011,PanTrap
Chloropidae,Conioscinella ,Conioscinella sp. A,37,Yellowknife,NT,NB,W,62.50293,-113.40479,Mesic,2,15-18.vi.2011,PanTrap
Chloropidae,Conioscinella ,Conioscinella sp. C,1,Yellowknife,NT,NB,W,62.50293,-113.40479,Mesic,2,15-18.vi.2011,PanTrap
Chloropidae,Dasyopa,Dasyopa sp. A,2,Yellowknife,NT,NB,W,62.50293,-113.40479,Mesic,2,11-15.vi.2011,PanTrap
Chloropidae,Dasyopa,Dasyopa sp. A,3,Yellowknife,NT,NB,W,62.50293,-113.40479,Mesic,2,15-18.vi.2011,PanTrap
Chloropidae,Incertella,Incertella incerta,1,Yellowknife,NT,NB,W,62.50293,-113.40479,Mesic,2,15-18.vi.2011,PanTrap
Chloropidae,Incertella,Incertella incerta,1,Yellowknife,NT,NB,W,62.50293,-113.40479,Mesic,2,14.vi.2011,Sweep
Chloropidae,Incertella,Incertella incerta,6,Yellowknife,NT,NB,W,62.50293,-113.40479,Mesic,2,18.vi.2011,Sweep
Chloropidae,Incertella,Incertella sp. A,1,Yellowknife,NT,NB,W,62.50293,-113.40479,Mesic,2,11-15.vi.2011,PanTrap
Chloropidae,Malloewia ,Malloewia sp. A,1,Yellowknife,NT,NB,W,62.50293,-113.40479,Mesic,2,14.vi.2011,Sweep
Chloropidae,Meromyza,Meromyza pratorum,2,Yellowknife,NT,NB,W,62.50293,-113.40479,Mesic,2,18.vi.2011,Sweep
Chloropidae,Oscinella,Oscinella sp. A,1,Yellowknife,NT,NB,W,62.50293,-113.40479,Mesic,2,18.vi.2011,Sweep
Chloropidae,Oscinella,Oscinella sp. B,1,Yellowknife,NT,NB,W,62.50293,-113.40479,Mesic,2,14.vi.2011,Sweep
Chloropidae,Oscinella,Oscinella sp. B,2,Yellowknife,NT,NB,W,62.50293,-113.40479,Mesic,2,18.vi.2011,Sweep
Chloropidae,Oscinella,Oscinella sp. D,1,Yellowknife,NT,NB,W,62.50293,-113.40479,Mesic,2,7-11.vi.2011,PanTrap
Chloropidae,Oscinella,Oscinella sp. D,2,Yellowknife,NT,NB,W,62.50293,-113.40479,Mesic,2,11-15.vi.2011,PanTrap
Chloropidae,Oscinella,Oscinella sp. D,10,Yellowknife,NT,NB,W,62.50293,-113.40479,Mesic,2,15-18.vi.2011,PanTrap
Chloropidae,Oscinella,Oscinella sp. D,1,Yellowknife,NT,NB,W,62.50293,-113.40479,Mesic,2,18.vi.2011,Sweep
Clusiidae,Clusiodes,Clusiodes ater,1,Yellowknife,NT,NB,W,62.50293,-113.40479,Mesic,2,11-15.vi.2011,MalaiseTrap
Clusiidae,Clusiodes,Clusiodes clandestinus,1,Yellowknife,NT,NB,W,62.50293,-113.40479,Mesic,2,11-15.vi.2011,MalaiseTrap
Drosophilidae,Paracoxenus,?Paracoxenus guttatus,1,Yellowknife,NT,NB,W,62.50293,-113.40479,Mesic,2,11-15.vi.2011,MalaiseTrap
Ephydridae,Allotrichoma,Allotrichoma bezzü,1,Yellowknife,NT,NB,W,62.50293,-113.40479,Mesic,2,18.vi.2011,Sweep
Ephydridae,Philygria,Philygria nigrescens,1,Yellowknife,NT,NB,W,62.50293,-113.40479,Mesic,2,7-11.vi.2011,PanTrap
Ephydridae,Philygria,Philygria nigrescens,1,Yellowknife,NT,NB,W,62.50293,-113.40479,Mesic,2,18.vi.2011,Sweep
Heleomyzidae,Suillia,Suillia apicalis,2,Yellowknife,NT,NB,W,62.50293,-113.40479,Mesic,2,11-15.vi.2011,MalaiseTrap
Lauxaniidae,Melanomyza,Melanomyza sp. A,1,Yellowknife,NT,NB,W,62.50293,-113.40479,Mesic,2,18.vi.2011,Sweep
Chloropidae,Conioscinella ,Conioscinella sp. A,7,Yellowknife,NT,NB,W,62.50714,-113.39443,Mesic,3,7-11.vi.2011,PanTrap
Chloropidae,Conioscinella ,Conioscinella sp. A,11,Yellowknife,NT,NB,W,62.50714,-113.39443,Mesic,3,11-15.vi.2011,PanTrap
Chloropidae,Conioscinella ,Conioscinella sp. A,15,Yellowknife,NT,NB,W,62.50714,-113.39443,Mesic,3,15-18.vi.2011,PanTrap
Chloropidae,Conioscinella ,Conioscinella sp. C,1,Yellowknife,NT,NB,W,62.50714,-113.39443,Mesic,3,15-18.vi.2011,PanTrap
Chloropidae,Dasyopa,Dasyopa sp. A,1,Yellowknife,NT,NB,W,62.50714,-113.39443,Mesic,3,11-15.vi.2011,PanTrap
Chloropidae,Malloewia ,Malloewia sp. A,1,Yellowknife,NT,NB,W,62.50714,-113.39443,Mesic,3,18.vi.2011,Sweep
Chloropidae,Oscinella,Oscinella sp. B,1,Yellowknife,NT,NB,W,62.50714,-113.39443,Mesic,3,14.vi.2011,Sweep
Chloropidae,Oscinella,Oscinella sp. B,3,Yellowknife,NT,NB,W,62.50714,-113.39443,Mesic,3,18.vi.2011,Sweep
Chloropidae,Oscinella,Oscinella sp. D,1,Yellowknife,NT,NB,W,62.50714,-113.39443,Mesic,3,7-11.vi.2011,PanTrap
Chloropidae,Oscinella,Oscinella sp. D,2,Yellowknife,NT,NB,W,62.50714,-113.39443,Mesic,3,11-15.vi.2011,PanTrap
Chloropidae,Oscinella,Oscinella sp. D,2,Yellowknife,NT,NB,W,62.50714,-113.39443,Mesic,3,15-18.vi.2011,PanTrap
Chloropidae,Oscinella,Oscinella sp. D,3,Yellowknife,NT,NB,W,62.50714,-113.39443,Mesic,3,14.vi.2011,Sweep
Chloropidae,Tricimba,Tricimba cincta,3,Yellowknife,NT,NB,W,62.50714,-113.39443,Mesic,3,15-18.vi.2011,MalaiseTrap
Chloropidae,Tricimba,Tricimba cincta,1,Yellowknife,NT,NB,W,62.50714,-113.39443,Mesic,3,7-11.vi.2011,PanTrap
Chloropidae,Tricimba,Tricimba cincta,1,Yellowknife,NT,NB,W,62.50714,-113.39443,Mesic,3,11-15.vi.2011,PanTrap
Chloropidae,Tricimba,Tricimba melamonolica,5,Yellowknife,NT,NB,W,62.50714,-113.39443,Mesic,3,15-18.vi.2011,MalaiseTrap
Clusiidae,Clusiodes,Clusiodes ater,2,Yellowknife,NT,NB,W,62.50714,-113.39443,Mesic,3,15-18.vi.2011,MalaiseTrap
Drosophilidae,Drosophila,Drosophila rellima Wheeler,1,Yellowknife,NT,NB,W,62.50714,-113.39443,Mesic,3,15-18.vi.2011,MalaiseTrap
Heleomyzidae,Suillia,Suillia apicalis,1,Yellowknife,NT,NB,W,62.50714,-113.39443,Mesic,3,15-18.vi.2011,MalaiseTrap
Milichiidae,Neophyllomyza,Neophyllomyza quadricornis,3,Yellowknife,NT,NB,W,62.50714,-113.39443,Mesic,3,15-18.vi.2011,MalaiseTrap
Chamaemyiidae,Chamaemyia,Chamaemyia herbarum,2,Yellowknife,NT,NB,W,62.5211,-113.38174,Wet,1,14.vi.2011,Sweep
Chloropidae,Aphanotrigonum ,Aphanotrigonum trilineatum,1,Yellowknife,NT,NB,W,62.5211,-113.38174,Wet,1,7-11.vi.2011,PanTrap
Chloropidae,Aphanotrigonum ,Aphanotrigonum trilineatum,2,Yellowknife,NT,NB,W,62.5211,-113.38174,Wet,1,11-15.vi.2011,PanTrap
Chloropidae,Conioscinella ,Conioscinella sp. C,1,Yellowknife,NT,NB,W,62.5211,-113.38174,Wet,1,15-18.vi.2011,PanTrap
Chloropidae,Conioscinella ,Conioscinella sp. C,3,Yellowknife,NT,NB,W,62.5211,-113.38174,Wet,1,14.vi.2011,Sweep
Chloropidae,Conioscinella ,Conioscinella sp. C,2,Yellowknife,NT,NB,W,62.5211,-113.38174,Wet,1,18.vi.2011,Sweep
Chloropidae,Lasiosina,Lasiosina canadensis,4,Yellowknife,NT,NB,W,62.5211,-113.38174,Wet,1,7-11.vi.2011,PanTrap
Chloropidae,Lasiosina,Lasiosina canadensis,4,Yellowknife,NT,NB,W,62.5211,-113.38174,Wet,1,11-15.vi.2011,PanTrap
Chloropidae,Lasiosina,Lasiosina canadensis,3,Yellowknife,NT,NB,W,62.5211,-113.38174,Wet,1,15-18.vi.2011,PanTrap
Chloropidae,Malloewia ,Malloewia sp. A,2,Yellowknife,NT,NB,W,62.5211,-113.38174,Wet,1,14.vi.2011,Sweep
Chloropidae,Oscinella,Oscinella sp. A,1,Yellowknife,NT,NB,W,62.5211,-113.38174,Wet,1,14.vi.2011,Sweep
Chloropidae,Oscinella,Oscinella sp. A,1,Yellowknife,NT,NB,W,62.5211,-113.38174,Wet,1,18.vi.2011,Sweep
Chloropidae,Thaumatomyia,Thaumatomyia glabra,1,Yellowknife,NT,NB,W,62.5211,-113.38174,Wet,1,14.vi.2011,Sweep
Chloropidae,Thaumatomyia,Thaumatomyia pulla (Adams),1,Yellowknife,NT,NB,W,62.5211,-113.38174,Wet,1,7-11.vi.2011,PanTrap
Chloropidae,Thaumatomyia,Thaumatomyia pulla (Adams),1,Yellowknife,NT,NB,W,62.5211,-113.38174,Wet,1,11-15.vi.2011,PanTrap
Chloropidae,Thaumatomyia,Thaumatomyia pulla (Adams),1,Yellowknife,NT,NB,W,62.5211,-113.38174,Wet,1,15-18.vi.2011,PanTrap
Clusiidae,Clusiodes,Clusiodes ater,1,Yellowknife,NT,NB,W,62.5211,-113.38174,Wet,1,7-11.vi.2011,MalaiseTrap
Diastatidae,Diastata,Diastata sp. C,1,Yellowknife,NT,NB,W,62.5211,-113.38174,Wet,1,7-11.vi.2011,PanTrap
Diastatidae,Diastata,Diastata sp. C,1,Yellowknife,NT,NB,W,62.5211,-113.38174,Wet,1,11-15.vi.2011,PanTrap
Drosophilidae,Drosophila,Drosophila rellima Wheeler,2,Yellowknife,NT,NB,W,62.5211,-113.38174,Wet,1,7-11.vi.2011,MalaiseTrap
Drosophilidae,Drosophila,Drosophila rellima Wheeler,2,Yellowknife,NT,NB,W,62.5211,-113.38174,Wet,1,11-15.vi.2011,PanTrap
Drosophilidae,Drosophila,Drosophila rellima Wheeler,1,Yellowknife,NT,NB,W,62.5211,-113.38174,Wet,1,15-18.vi.2011,PanTrap
Drosophilidae,0,Drosophilidae sp. A,8,Yellowknife,NT,NB,W,62.5211,-113.38174,Wet,1,7-11.vi.2011,MalaiseTrap
Drosophilidae,Scaptomyza,Scaptomyza (Hemiscaptomyza) ?trochantera,1,Yellowknife,NT,NB,W,62.5211,-113.38174,Wet,1,7-11.vi.2011,MalaiseTrap
Ephydridae,Hyadina,Hyadina vockerhoti,1,Yellowknife,NT,NB,W,62.5211,-113.38174,Wet,1,11-15.vi.2011,PanTrap
Ephydridae,Philotelma,Philotelma defectum,1,Yellowknife,NT,NB,W,62.5211,-113.38174,Wet,1,7-11.vi.2011,PanTrap
Ephydridae,Scatophila,Scatophila exilis (Cresson),1,Yellowknife,NT,NB,W,62.5211,-113.38174,Wet,1,11-15.vi.2011,PanTrap
Milichiidae,Neophyllomyza,Neophyllomyza quadricornis,6,Yellowknife,NT,NB,W,62.5211,-113.38174,Wet,1,7-11.vi.2011,MalaiseTrap
Opomyzidae,Geomyza,Geomyza apicalis (Meigen),2,Yellowknife,NT,NB,W,62.5211,-113.38174,Wet,1,11-15.vi.2011,PanTrap
Opomyzidae,Geomyza,Geomyza apicalis (Meigen),4,Yellowknife,NT,NB,W,62.5211,-113.38174,Wet,1,15-18.vi.2011,PanTrap
Sciomyzidae,Pherbellia,Pherbellia schoenherri maculata (Cresson),2,Yellowknife,NT,NB,W,62.5211,-113.38174,Wet,1,7-11.vi.2011,PanTrap
Sciomyzidae,Pherbellia,Pherbellia schoenherri maculata (Cresson),1,Yellowknife,NT,NB,W,62.5211,-113.38174,Wet,1,11-15.vi.2011,PanTrap
Sciomyzidae,Pherbellia,Pherbellia schoenherri maculata (Cresson),1,Yellowknife,NT,NB,W,62.5211,-113.38174,Wet,1,15-18.vi.2011,PanTrap
Sciomyzidae,Pteromicra,Pteromicra steyskali Foote,1,Yellowknife,NT,NB,W,62.5211,-113.38174,Wet,1,15-18.vi.2011,PanTrap
Sciomyzidae,Sepedon,Sepedon borealis Steyskal,1,Yellowknife,NT,NB,W,62.5211,-113.38174,Wet,1,15-18.vi.2011,PanTrap
Sphaeroceridae,Coproica,Coproica sp. A,1,Yellowknife,NT,NB,W,62.5211,-113.38174,Wet,1,11-15.vi.2011,PanTrap
Sphaeroceridae,Dahlimosina ,Dahlimosina dahli,1,Yellowknife,NT,NB,W,62.5211,-113.38174,Wet,1,7-11.vi.2011,PanTrap
Sphaeroceridae,Ischiolepta,Ischiolepta sp. A,1,Yellowknife,NT,NB,W,62.5211,-113.38174,Wet,1,7-11.vi.2011,MalaiseTrap
Sphaeroceridae,Phthitia,Phtitia ovicercus,2,Yellowknife,NT,NB,W,62.5211,-113.38174,Wet,1,7-11.vi.2011,PanTrap
Sphaeroceridae,Pteremis,Pteremis wirthi,5,Yellowknife,NT,NB,W,62.5211,-113.38174,Wet,1,7-11.vi.2011,PanTrap
Sphaeroceridae,Pteremis,Pteremis wirthi,4,Yellowknife,NT,NB,W,62.5211,-113.38174,Wet,1,11-15.vi.2011,PanTrap
Sphaeroceridae,Pteremis,Pteremis wirthi,3,Yellowknife,NT,NB,W,62.5211,-113.38174,Wet,1,15-18.vi.2011,PanTrap
Sphaeroceridae,Pullimosina,Pullimosina pullula,2,Yellowknife,NT,NB,W,62.5211,-113.38174,Wet,1,11-15.vi.2011,PanTrap
Sphaeroceridae,Spelobia,Spelobia bispina,1,Yellowknife,NT,NB,W,62.5211,-113.38174,Wet,1,11-15.vi.2011,PanTrap
Sphaeroceridae,Spelobia,Spelobia sp. H,1,Yellowknife,NT,NB,W,62.5211,-113.38174,Wet,1,11-15.vi.2011,PanTrap
Chloropidae,Conioscinella ,Conioscinella sp. A,6,Yellowknife,NT,NB,W,62.51923,-113.38494,Wet,2,15-18.vi.2011,PanTrap
Chloropidae,Elachiptera,Elachiptera decipens,2,Yellowknife,NT,NB,W,62.51923,-113.38494,Wet,2,11-15.vi.2011,MalaiseTrap
Chloropidae,Lasiosina,Lasiosina canadensis,1,Yellowknife,NT,NB,W,62.51923,-113.38494,Wet,2,7-11.vi.2011,PanTrap
Chloropidae,Lasiosina,Lasiosina canadensis,5,Yellowknife,NT,NB,W,62.51923,-113.38494,Wet,2,11-15.vi.2011,PanTrap
Chloropidae,Lasiosina,Lasiosina canadensis,5,Yellowknife,NT,NB,W,62.51923,-113.38494,Wet,2,15-18.vi.2011,PanTrap
Chloropidae,Thaumatomyia,Thaumatomyia glabra,1,Yellowknife,NT,NB,W,62.51923,-113.38494,Wet,2,18.vi.2011,Sweep
Chloropidae,Tricimba,Tricimba melamonolica,1,Yellowknife,NT,NB,W,62.51923,-113.38494,Wet,2,11-15.vi.2011,MalaiseTrap
Drosophilidae,Drosophila,Drosophila rellima Wheeler,1,Yellowknife,NT,NB,W,62.51923,-113.38494,Wet,2,11-15.vi.2011,PanTrap
Drosophilidae,Scaptomyza,Scaptomyza (Hemiscaptomyza) ?trochantera,1,Yellowknife,NT,NB,W,62.51923,-113.38494,Wet,2,7-11.vi.2011,PanTrap
Ephydridae,Philotelma,Philotelma defectum,1,Yellowknife,NT,NB,W,62.51923,-113.38494,Wet,2,11-15.vi.2011,PanTrap
Ephydridae,Scatophila,Scatophila exilis (Cresson),1,Yellowknife,NT,NB,W,62.51923,-113.38494,Wet,2,11-15.vi.2011,PanTrap
Heleomyzidae,Heteromyza,Heteromyza oculata ,1,Yellowknife,NT,NB,W,62.51923,-113.38494,Wet,2,11-15.vi.2011,MalaiseTrap
Heleomyzidae,Tephroclamys,Tephroclamys rufiventris,1,Yellowknife,NT,NB,W,62.51923,-113.38494,Wet,2,11-15.vi.2011,MalaiseTrap
Micropezidae,Compsobata,Compsobata ( Trylophyrobata) kennicotti (Banks),1,Yellowknife,NT,NB,W,62.51923,-113.38494,Wet,2,11-15.vi.2011,MalaiseTrap
Micropezidae,Compsobata,Compsobata ( Trylophyrobata) kennicotti (Banks),1,Yellowknife,NT,NB,W,62.51923,-113.38494,Wet,2,15-18.vi.2011,PanTrap
Milichiidae,Neophyllomyza,Neophyllomyza quadricornis,2,Yellowknife,NT,NB,W,62.51923,-113.38494,Wet,2,11-15.vi.2011,MalaiseTrap
Milichiidae,Phyllomyza,Phyllomyza sp. C,1,Yellowknife,NT,NB,W,62.51923,-113.38494,Wet,2,11-15.vi.2011,MalaiseTrap
Opomyzidae,Geomyza,Geomyza apicalis (Meigen),1,Yellowknife,NT,NB,W,62.51923,-113.38494,Wet,2,7-11.vi.2011,PanTrap
Sciomyzidae,Pherbellia,Pherbellia ?byanti,1,Yellowknife,NT,NB,W,62.51923,-113.38494,Wet,2,10.vi.2011,Sweep
Sciomyzidae,Pherbellia,Pherbellia schoenherri maculata (Cresson),1,Yellowknife,NT,NB,W,62.51923,-113.38494,Wet,2,11-15.vi.2011,PanTrap
Sphaeroceridae,Pteremis,Pteremis wirthi,1,Yellowknife,NT,NB,W,62.51923,-113.38494,Wet,2,7-11.vi.2011,PanTrap
Sphaeroceridae,Pteremis,Pteremis wirthi,2,Yellowknife,NT,NB,W,62.51923,-113.38494,Wet,2,11-15.vi.2011,PanTrap
Sphaeroceridae,Pteremis,Pteremis wirthi,1,Yellowknife,NT,NB,W,62.51923,-113.38494,Wet,2,15-18.vi.2011,PanTrap
Sphaeroceridae,Pullimosina,Pullimosina pullula,2,Yellowknife,NT,NB,W,62.51923,-113.38494,Wet,2,11-15.vi.2011,PanTrap
Sphaeroceridae,Rachispoda,Rachispoda sp. D,1,Yellowknife,NT,NB,W,62.51923,-113.38494,Wet,2,11-15.vi.2011,MalaiseTrap
Sphaeroceridae,Spelobia,Spelobia sp. B,1,Yellowknife,NT,NB,W,62.51923,-113.38494,Wet,2,11-15.vi.2011,MalaiseTrap
Sphaeroceridae,Spelobia,Spelobia sp. C,1,Yellowknife,NT,NB,W,62.51923,-113.38494,Wet,2,7-11.vi.2011,PanTrap
Chloropidae,Aphanotrigonum ,Aphanotrigonum scabrum,1,Yellowknife,NT,NB,W,62.51591,-113.39146,Wet,3,14.vi.2011,Sweep
Chloropidae,Conioscinella ,Conioscinella sp. A,2,Yellowknife,NT,NB,W,62.51591,-113.39146,Wet,3,7-11.vi.2011,PanTrap
Chloropidae,Conioscinella ,Conioscinella sp. A,2,Yellowknife,NT,NB,W,62.51591,-113.39146,Wet,3,11-15.vi.2011,PanTrap
Chloropidae,Conioscinella ,Conioscinella sp. C,1,Yellowknife,NT,NB,W,62.51591,-113.39146,Wet,3,11-15.vi.2011,PanTrap
Chloropidae,Conioscinella ,Conioscinella sp. C,2,Yellowknife,NT,NB,W,62.51591,-113.39146,Wet,3,14.vi.2011,Sweep
Chloropidae,Incertella,Incertella incerta,1,Yellowknife,NT,NB,W,62.51591,-113.39146,Wet,3,18.vi.2011,Sweep
Chloropidae,Lasiosina,Lasiosina canadensis,3,Yellowknife,NT,NB,W,62.51591,-113.39146,Wet,3,7-11.vi.2011,PanTrap
Chloropidae,Lasiosina,Lasiosina canadensis,1,Yellowknife,NT,NB,W,62.51591,-113.39146,Wet,3,11-15.vi.2011,PanTrap
Chloropidae,Malloewia ,Malloewia sp. A,1,Yellowknife,NT,NB,W,62.51591,-113.39146,Wet,3,15-18.vi.2011,MalaiseTrap
Chloropidae,Malloewia ,Malloewia sp. A,4,Yellowknife,NT,NB,W,62.51591,-113.39146,Wet,3,14.vi.2011,Sweep
Chloropidae,Malloewia ,Malloewia sp. A,4,Yellowknife,NT,NB,W,62.51591,-113.39146,Wet,3,18.vi.2011,Sweep
Chloropidae,Olcella,Olcella sp. A,1,Yellowknife,NT,NB,W,62.51591,-113.39146,Wet,3,14.vi.2011,Sweep
Chloropidae,Olcella,Olcella sp. A,1,Yellowknife,NT,NB,W,62.51591,-113.39146,Wet,3,18.vi.2011,Sweep
Chloropidae,Pseudopachyceata,Pseudopachyceata ruficeps,1,Yellowknife,NT,NB,W,62.51591,-113.39146,Wet,3,15-18.vi.2011,MalaiseTrap
Chloropidae,Rhopalopterum,Rhopalopterum sp. D,1,Yellowknife,NT,NB,W,62.51591,-113.39146,Wet,3,14.vi.2011,Sweep
Chloropidae,Rhopalopterum,Rhopalopterum sp. D,1,Yellowknife,NT,NB,W,62.51591,-113.39146,Wet,3,18.vi.2011,Sweep
Chloropidae,Thaumatomyia,Thaumatomyia annulata (Walker),1,Yellowknife,NT,NB,W,62.51591,-113.39146,Wet,3,14.vi.2011,Sweep
Chloropidae,Thaumatomyia,Thaumatomyia annulata (Walker),1,Yellowknife,NT,NB,W,62.51591,-113.39146,Wet,3,18.vi.2011,Sweep
Chloropidae,Thaumatomyia,Thaumatomyia glabra,1,Yellowknife,NT,NB,W,62.51591,-113.39146,Wet,3,14.vi.2011,Sweep
Chloropidae,Thaumatomyia,Thaumatomyia glabra,2,Yellowknife,NT,NB,W,62.51591,-113.39146,Wet,3,18.vi.2011,Sweep
Chloropidae,Thaumatomyia,Thaumatomyia grata (Loew),1,Yellowknife,NT,NB,W,62.51591,-113.39146,Wet,3,14.vi.2011,Sweep
Chloropidae,Thaumatomyia,Thaumatomyia pulla (Adams),1,Yellowknife,NT,NB,W,62.51591,-113.39146,Wet,3,14.vi.2011,Sweep
Chloropidae,Thaumatomyia,Thaumatomyia trifasciata (Zett),1,Yellowknife,NT,NB,W,62.51591,-113.39146,Wet,3,14.vi.2011,Sweep
Chloropidae,Tricimba,Tricimba melamonolica,1,Yellowknife,NT,NB,W,62.51591,-113.39146,Wet,3,15-18.vi.2011,MalaiseTrap
Diastatidae,Diastata,Diastata sp. C,1,Yellowknife,NT,NB,W,62.51591,-113.39146,Wet,3,7-11.vi.2011,PanTrap
Drosophilidae,Drosophila,Drosophila rellima Wheeler,1,Yellowknife,NT,NB,W,62.51591,-113.39146,Wet,3,15-18.vi.2011,PanTrap
Drosophilidae,0,Drosophilidae sp. A,31,Yellowknife,NT,NB,W,62.51591,-113.39146,Wet,3,15-18.vi.2011,MalaiseTrap
Drosophilidae,Scaptomyza,Scaptomyza (Hemiscaptomyza) ?trochantera,4,Yellowknife,NT,NB,W,62.51591,-113.39146,Wet,3,15-18.vi.2011,MalaiseTrap
Drosophilidae,Scaptomyza,Scaptomyza (Hemiscaptomyza) ?trochantera,1,Yellowknife,NT,NB,W,62.51591,-113.39146,Wet,3,7-11.vi.2011,PanTrap
Ephydridae,Coenia,Coenia sp. A,1,Yellowknife,NT,NB,W,62.51591,-113.39146,Wet,3,7-11.vi.2011,PanTrap
Ephydridae,Philotelma,Philotelma defectum,1,Yellowknife,NT,NB,W,62.51591,-113.39146,Wet,3,14.vi.2011,Sweep
Ephydridae,Psilopa,Psilopa girschneri,1,Yellowknife,NT,NB,W,62.51591,-113.39146,Wet,3,14.vi.2011,Sweep
Ephydridae,Psilopa,Psilopa obscuripes,1,Yellowknife,NT,NB,W,62.51591,-113.39146,Wet,3,18.vi.2011,Sweep
Ephydridae,Scatophila,Scatophila exilis (Cresson),1,Yellowknife,NT,NB,W,62.51591,-113.39146,Wet,3,7-11.vi.2011,PanTrap
Ephydridae,Scatophila,Scatophila exilis (Cresson),1,Yellowknife,NT,NB,W,62.51591,-113.39146,Wet,3,15-18.vi.2011,PanTrap
Ephydridae,Scatophila,Scatophila hirtirostris (Sturt & Wheeler),1,Yellowknife,NT,NB,W,62.51591,-113.39146,Wet,3,7-11.vi.2011,PanTrap
Milichiidae,Phyllomyza,Phyllomyza sp. D,1,Yellowknife,NT,NB,W,62.51591,-113.39146,Wet,3,15-18.vi.2011,MalaiseTrap
Opomyzidae,Geomyza,Geomyza apicalis (Meigen),4,Yellowknife,NT,NB,W,62.51591,-113.39146,Wet,3,11-15.vi.2011,PanTrap
Opomyzidae,Geomyza,Geomyza apicalis (Meigen),1,Yellowknife,NT,NB,W,62.51591,-113.39146,Wet,3,15-18.vi.2011,PanTrap
Sciomyzidae,Sepedon,Sepedon borealis Steyskal,1,Yellowknife,NT,NB,W,62.51591,-113.39146,Wet,3,15-18.vi.2011,MalaiseTrap
Sphaeroceridae,Copromyza,Copromyza sp. A,1,Yellowknife,NT,NB,W,62.51591,-113.39146,Wet,3,7-11.vi.2011,PanTrap
Sphaeroceridae,Copromyza,Copromyza sp. A,1,Yellowknife,NT,NB,W,62.51591,-113.39146,Wet,3,11-15.vi.2011,PanTrap
Sphaeroceridae,0,Limosininae sp. D,1,Yellowknife,NT,NB,W,62.51591,-113.39146,Wet,3,7-11.vi.2011,PanTrap
Sphaeroceridae,Phthitia,Phtitia ovicercus,1,Yellowknife,NT,NB,W,62.51591,-113.39146,Wet,3,15-18.vi.2011,PanTrap
Sphaeroceridae,Phthitia,Phtitia quadricercis,1,Yellowknife,NT,NB,W,62.51591,-113.39146,Wet,3,7-11.vi.2011,PanTrap
Sphaeroceridae,Pseudocollinella,Pseudocollinella arctopellucida,1,Yellowknife,NT,NB,W,62.51591,-113.39146,Wet,3,14.vi.2011,Sweep
Sphaeroceridae,Pteremis,Pteremis wirthi,1,Yellowknife,NT,NB,W,62.51591,-113.39146,Wet,3,7-11.vi.2011,PanTrap
Sphaeroceridae,Pteremis,Pteremis wirthi,3,Yellowknife,NT,NB,W,62.51591,-113.39146,Wet,3,11-15.vi.2011,PanTrap
Sphaeroceridae,Pteremis,Pteremis wirthi,1,Yellowknife,NT,NB,W,62.51591,-113.39146,Wet,3,15-18.vi.2011,PanTrap
Sphaeroceridae,Pullimosina,Pullimosina pullula,1,Yellowknife,NT,NB,W,62.51591,-113.39146,Wet,3,15-18.vi.2011,PanTrap
Sphaeroceridae,Rachispoda,Rachispoda sp. A,1,Yellowknife,NT,NB,W,62.51591,-113.39146,Wet,3,15-18.vi.2011,PanTrap
Sphaeroceridae,Spelobia,Spelobia bispina,1,Yellowknife,NT,NB,W,62.51591,-113.39146,Wet,3,11-15.vi.2011,PanTrap
Sphaeroceridae,Spelobia,Spelobia sp. B,1,Yellowknife,NT,NB,W,62.51591,-113.39146,Wet,3,11-15.vi.2011,PanTrap
